4 296 245 172 59
5 0 57 160 81 17
4 180 19 177 215
2 168 12
3 65 284 155
3 167 261 256
4 75 220 188 199
4 216 267 25 289
5 85 79 28 222 231
4 80 243 118 115
2 212 112
4 294 204 109 255
5 221 164 273 241 152
5 275 74 26 283 280
3 88 96 196
2 148 67
3 234 108 265
4 8 271 61 77
5 99 171 91 237 9
4 54 38 191 233
3 133 295 266
3 249 82 55
2 161 135
4 95 230 268 238
2 33 287
2 299 106
3 13 89 30
5 36 110 23 248 46
4 87 282 45 278
3 156 202 189
3 184 236 251
3 227 90 247
2 62 2
3 105 29 292
3 127 11 272
3 218 195 20
2 58 205
3 198 128 35
3 259 60 143
3 15 117 211
4 162 44 214 145
4 41 150 217 51
3 4 101 49
3 7 187 78
4 134 64 98 47
3 210 70 153
2 263 1
3 285 170 66
3 34 158 176
3 107 16 274
3 113 235 142
3 179 48 149
4 260 226 244 293
2 10 52
2 102 223
2 121 229
3 281 114 228
2 32 139
4 63 73 124 169
1 83
3 92 181 69
3 125 201 178
3 174 42 182
2 209 186
3 213 207 257
2 224 141
3 18 86 194
3 21 254 252
2 40 94
3 116 200 297
3 136 140 37
3 144 269 97
4 159 24 3 123
2 197 151
3 225 185 206
5 246 53 298 291 192
3 258 132 175
5 276 146 253 264 208
4 286 190 130 0
5 290 232 76 270 0
3 14 126 0
3 27 104 0
2 43 0
3 50 31 0
4 56 277 71 0
4 68 131 183 0
4 72 39 250 0
3 103 288 0
3 111 154 0
3 119 262 0
3 122 120 0
5 137 166 22 240 0
2 138 0
3 157 100 0
3 163 279 0
5 193 129 6 165 0
4 203 5 173 0
2 219 0
5 239 147 93 84 0
2 242 0
