15 7109 923 4823 9494 165 7514 7063 8558 8001 22 3505 3681 9905 2930 675
3 6031 1190 3737
12 2015 3861 6035 2516 2190 4960 1126 687 6526 7306 6209 3880
37 9913 211 3205 4472 691 736 4442 9946 7550 8033 2413 2018 4436 9028 1380 7083 373 2851 679 6442 6007 7594 9721 7951 5791 999 4101 277 3482 3857 9061 1739 5290 7547 2727 2251 9329
3 4829 9530 4281
29 6252 6645 2209 514 7554 7830 5004 3447 946 4060 1313 5778 2595 7583 6314 4362 9525 573 4269 9650 2487 5155 362 5682 163 3396 7841 8119 2664
17 8878 2486 7519 9247 3899 5867 352 9307 3036 8735 8424 1147 8362 2757 8169 6642 3617
67 7936 3468 8324 9156 657 4953 5608 7503 2867 5534 5364 3661 8367 7078 3699 9378 8141 727 5734 7520 728 3031 2467 2904 639 4173 4468 9312 1007 8081 8347 4889 2719 2040 8015 3171 5792 3900 1644 2069 3162 4631 8798 5793 7290 6205 8589 1894 7687 1532 5797 2350 4641 4089 6008 9938 2458 1937 5988 3033 5310 5499 5183 6574 997 3781 9776
32 9449 2184 4879 32 9800 2159 9038 9403 6622 487 154 1065 4552 4535 974 2419 5215 9510 4215 2281 2778 6270 6065 8139 5159 2267 7676 2283 9220 623 3706 6127
8 3647 8330 1423 5436 4725 7873 8104 4103
41 7716 7609 3292 5532 4092 3053 494 1033 5840 5997 4745 2896 3063 9999 2214 2672 709 182 9365 4680 9746 1971 6158 6994 1157 6798 3628 9183 8842 9340 699 483 8057 1153 6060 3022 192 5305 6148 1951 7111
11 9550 4604 1303 2608 2235 1355 1643 4149 6310 7751 8517
33 7913 5250 5070 3508 3496 4850 1535 7590 2002 5784 9645 2302 2684 8284 9801 7625 254 6725 5037 8467 8537 1397 2229 3287 5461 161 1461 5124 4811 8363 5725 9779 4553
43 719 5377 3865 6503 9314 6023 4355 1667 9516 7889 2661 2799 993 2525 6719 9226 3992 355 7573 3765 537 8325 9233 7549 2569 9413 4812 440 5884 2994 8469 8707 107 5430 9002 6732 1712 1914 8884 1082 5545 6505 1150
44 4679 7585 502 846 1647 3537 1160 6836 2982 9171 3257 853 8800 6705 3112 369 5134 4046 2477 613 9798 2187 1253 6709 2950 1762 8720 6169 7839 4051 1659 420 4975 3420 7159 1205 2318 2211 2656 2897 2631 8098 7057 9536
26 311 6571 7483 8290 262 418 3728 4589 6755 3803 6653 9433 6778 564 2694 8333 1820 7238 8861 6627 2449 9448 9872 9088 5509 1212
12 3696 7206 488 3131 6844 4607 7361 480 4904 1649 1903 5125
66 5649 3271 5417 6734 5112 9681 7045 5181 5505 4447 6109 7124 1483 9443 2375 7858 9551 2652 2938 1136 1361 1648 9882 7978 3552 7466 4937 2629 1156 8380 3584 8993 9785 6497 8724 6041 1893 6335 5146 4732 4982 8881 1610 3454 7447 7923 3441 8811 8327 5449 7700 1085 9524 8451 3519 4154 9417 1980 283 7303 5862 4335 3004 3444 9755 1948
2 2581 4818
2 7468 978
41 1563 8016 7071 9126 132 6592 909 5539 5582 7718 6292 2476 7322 1517 4240 2254 259 1636 7374 7596 2955 6446 5189 6936 1064 8514 2970 2647 2151 8153 3339 7289 6083 8933 3492 9961 1592 7268 341 5705 4987
44 6039 6484 8493 9132 9143 7806 2535 9272 3394 7425 5484 1850 139 1385 3301 3960 3777 2779 73 4239 8649 8250 9857 2353 6323 3428 4062 9995 6030 3672 4482 1004 4754 8515 2301 4478 1683 191 4445 4511 8490 5533 287 3386
26 8773 4941 438 379 7279 8349 3529 609 942 1619 9591 818 8660 6011 4585 3319 745 2890 3150 2340 5814 8930 6926 133 8761 3204
2 5991 7621
59 8578 6547 9274 6523 9705 6710 4246 6125 8035 4659 2482 9262 2967 617 6026 5374 4722 1541 8051 1101 2035 9238 1012 5529 3997 7339 3979 8779 3474 5019 8901 9743 859 7999 3689 6362 1858 5772 4866 834 8816 346 8977 7516 878 370 4616 4667 6250 490 3933 6488 5485 2277 2025 790 678 3500 638
11 9121 5071 8389 3748 1373 3244 2803 6242 510 31 5225
48 9256 9649 2928 1186 8588 9819 2250 2033 6009 9392 3616 4397 907 7843 3970 1598 7842 2978 6290 5600 7646 1925 1668 7794 5203 8805 4869 7793 5315 8388 9193 3465 2692 7540 60 2667 3954 357 7197 2064 1231 6093 7980 9461 8252 7533 4209 557
2 8227 7678
62 3578 3116 867 1595 8597 5182 8228 4031 1768 7712 8190 7933 5087 2551 5801 4481 4266 779 9724 5569 9375 9407 9900 1656 6920 5628 3123 8225 6970 8961 3182 1930 8304 8741 6180 7808 5158 7653 5416 7932 3198 2682 2739 5530 4518 5823 4749 7160 7680 3788 5802 6545 2365 2744 3252 9997 3678 265 5032 9749 2408 8594
2 2418 7632
25 3147 2299 6372 4739 8987 9731 7525 706 746 6212 1400 3095 1939 7335 3126 1451 3942 3003 5423 4952 213 6434 3266 8256 1569
2 7270 820
58 6912 515 8753 5200 3820 2381 9299 2071 2183 8787 656 3590 4487 51 9836 6688 2496 7117 8151 776 7983 6673 8666 5766 9081 4932 4610 6336 5302 3931 5361 3499 9832 5443 6578 2929 9010 6295 3002 12 7222 2466 8107 4175 3407 7631 571 4704 5413 4797 9368 2215 8365 6955 298 4017 9714 3313
54 4644 9754 164 2062 8076 5645 858 660 4480 43 2768 3382 2431 2244 3930 3432 2021 8215 9965 276 1542 7504 676 6153 9148 4418 9338 6914 1657 4752 6868 524 8311 1960 1450 980 8949 7266 8952 8959 7177 6196 3136 9582 5319 4564 9500 5404 8973 560 3109 655 8777 8874
2 7227 5886
2 8965 9520
75 563 4507 9199 3532 7567 3196 5995 3393 4832 3173 7296 3977 2205 6893 3174 3269 3767 3359 6996 2797 3526 8121 7134 3340 904 1575 7721 6499 3338 2989 5154 8623 4389 7341 1690 6234 1429 4288 2998 2204 9153 579 2087 1767 1034 7000 6040 4798 8757 4751 8500 9438 1179 5077 7597 8061 7800 8608 3987 5064 4004 903 3422 2592 9065 3007 7845 3860 2598 8797 9480 411 7820 8042 5629
55 1178 3758 428 8856 3068 3910 832 5875 2981 553 9000 1181 8516 8193 5804 8917 5917 1561 4651 2057 3722 771 973 9303 8887 2416 3177 8866 9682 7246 6958 9507 3787 8743 7267 2284 9334 5111 7044 1716 9977 2182 9907 3185 6565 954 9791 3768 5848 3184 5196 6538 6054 9528 2055
36 3608 7113 4853 7263 1466 3754 4566 1756 3808 9134 4936 5384 6532 5118 8353 1222 500 3331 1810 574 6175 5056 6537 6501 7377 7968 7478 8066 6715 3302 9656 5876 3744 9007 349 7472
65 8890 8348 3475 1860 5457 7546 7190 147 6648 444 4415 3906 2314 852 6042 2859 7521 4119 3155 8383 6885 7301 3345 8616 4250 4804 8697 3746 114 9683 5799 1108 2663 1035 5093 3024 4917 6423 7053 8124 3670 1039 9343 7469 2304 3557 5889 3498 3094 8693 6431 8180 4038 7026 4519 7002 4849 4608 8231 3875 1711 3012 1096 6900 3618
37 5137 4255 782 565 4665 3966 9209 409 8272 5123 3270 8407 8245 9784 5809 4144 3299 220 1615 6010 4142 4463 4096 1437 4633 7068 8622 2530 1885 6179 9545 6261 2475 3400 8695 8013 2276
2 9504 8727
22 666 5281 9072 399 1981 5506 2086 6123 2308 9986 2826 6906 4741 9959 2832 4934 5923 8858 8273 4923 2509 3380
23 1803 7432 6173 4179 9923 4068 3877 8576 3322 4864 7935 2861 1338 1467 5262 8523 9945 344 1173 9222 237 1427 7146
41 1874 3968 628 8750 4597 9588 8889 2189 2328 8854 1574 6331 2052 6124 3248 6369 6563 7960 4212 5924 1881 6074 7875 4169 4878 9805 7349 8790 4283 5523 162 9194 5647 4424 3390 7762 1482 5367 1154 8354 5230
3 9459 5979 5293
5 7013 8111 6845 1758 9117
23 2297 2620 323 2131 3128 7694 8793 2993 6215 9671 1579 6682 5821 9015 4703 5232 7656 7601 1974 6551 8635 5271 8210
20 3358 594 7250 2226 2860 78 1062 5350 1578 7752 7855 971 5641 813 269 8144 366 927 4905 8770
2 2176 6753
51 3708 4493 8990 6283 3247 2115 5630 5221 6098 9537 7697 5045 5135 880 684 1525 7239 5664 8829 4012 3074 695 3736 2454 8200 3503 4870 9456 205 1036 7302 5671 891 9027 2303 9835 9599 5949 6137 5972 8678 317 4157 1912 8653 9574 3342 8128 4713 1430 3120
7 7347 9663 4640 8027 1112 5147 1705
23 8711 6325 6226 4262 275 4191 631 3416 1732 4516 2207 3158 6908 68 6768 5550 5439 9454 1728 8712 1290 5376 5020
2 3321 4483
65 7575 2125 8992 8135 7023 9531 5627 1237 7331 5114 6033 8863 6406 3805 9055 6560 7634 591 8531 5938 4783 3098 1086 7257 8145 7644 9931 4155 8928 9877 7973 550 5695 9556 1549 5454 8894 5951 9342 555 6788 7945 3018 2521 1920 421 4134 6943 2877 3243 6533 228 8288 7212 5522 8627 3456 4394 1072 1718 3892 6275 2810 5340 1418
67 8758 6662 7319 6529 8574 8419 7690 9410 5298 3502 4677 3694 8819 935 6378 4343 4357 4009 241 83 3866 9838 3981 4942 9778 1834 1748 1486 6896 5980 8246 7807 1775 5421 7021 9958 361 7295 8165 3324 2491 1526 5579 6716 1594 2689 3750 4297 6401 9585 1234 8461 9277 4779 518 1699 1327 8386 3747 336 8195 5209 5280 2716 9760 8688 7783
2 2384 7433
4 7948 2177 7813 2049
47 5480 5914 4074 774 744 2294 9218 4473 2236 4978 5356 6608 1673 252 1704 9565 2272 8417 8164 4906 7105 4572 7689 7707 4380 4702 3355 3343 6802 7084 7272 6167 5031 6194 2228 296 8232 4133 9672 4900 8986 750 2637 1478 3986 9894 6470
11 873 8472 3028 1129 5521 4378 3295 2471 2940 9717 8535
2 2736 7376
14 4467 6264 9519 9676 194 5100 5309 9101 3124 8320 1727 4962 840 1343
11 3291 8322 644 3019 9141 5736 1983 1045 8567 6789 3562
48 6403 4475 7993 7196 1111 2997 6251 7501 1944 9273 3354 8339 508 1431 7091 9070 5907 5963 9572 2549 6320 5072 8009 4664 6366 5552 4299 3980 2295 3510 2109 3352 5918 1021 5932 6979 8487 8799 2042 6509 7285 8876 3928 7062 7922 535 5022 4348
43 364 6548 4113 6244 4924 6923 8068 4323 4614 5882 5035 8443 821 1798 8328 2400 504 7390 5044 7039 8859 8756 8506 9518 6057 304 312 6045 3369 9399 7090 6664 6428 2456 1887 1504 7269 7422 8519 3561 7509 4086 224
21 3362 4192 5127 3641 8714 2423 7038 9414 4799 6590 5366 7092 8754 3273 8908 8572 9083 4413 7067 7541 9380
15 1778 1367 3791 9949 5825 6629 170 4790 6909 2315 8481 3704 5827 9501 5253
7 3202 2099 5556 2337 3881 3161 2225
65 7108 8940 2654 945 7637 435 9751 1346 1797 7456 8665 2043 156 2264 8864 7548 3680 3959 2921 843 5642 8909 6306 8268 5002 7805 5785 6575 9104 7142 5658 1075 6813 8745 6078 4221 2397 5216 5567 3506 3237 3099 673 9761 9662 6661 6508 6318 1356 8655 5119 7035 7413 7391 7356 5873 3790 4097 6233 436 1658 8032 6291 3397 6185
53 1105 8447 5359 7085 7662 2984 8857 5241 897 3058 7823 5689 4263 6102 8368 2417 2279 4782 1606 331 6964 7829 4707 7744 7261 1037 712 6464 9292 16 6415 1600 9373 7887 5060 8541 390 5378 6097 3347 7706 1295 9316 234 9555 2234 9640 4854 7816 8106 8496 1703 4292
47 7862 9744 1233 7994 4088 2333 9477 1152 5777 2753 2054 7167 4356 8126 6838 8820 8434 4550 740 4777 9917 1389 459 7536 8318 98 2319 6034 4064 2638 279 4696 3195 7765 6995 4612 7763 6154 5927 2490 6731 7126 3945 2152 8526 8825 5063
3 3654 2887 4846
17 7346 4148 4921 3260 1713 4965 4036 2120 4054 662 1677 9901 5412 7854 1907 416 2169
26 7779 7095 3926 4926 9200 2730 5149 244 5844 9966 3534 1632 3137 7878 8137 5565 9395 9488 8044 8769 1490 4308 8604 367 5188 2658
2 8670 9515
14 1135 1061 1652 2107 6576 1093 145 8474 1110 8398 3157 5638 1214 3346
46 7804 3389 9933 5465 3630 3598 3361 5686 1320 985 8778 520 4621 1446 3832 2380 1484 5676 4400 1063 2746 6267 9005 9994 2094 8313 6395 3713 9797 1607 4185 1055 9980 2377 3048 7616 7384 6799 2241 6569 612 4195 6616 3318 7715 5398
57 7957 474 3049 9347 6053 5295 9586 3842 671 3807 531 8058 9871 100 4639 6925 9846 2952 659 9482 4828 5050 1282 9604 4958 9487 9920 3635 5986 6149 9212 8841 347 2729 7003 8248 6858 4694 8833 7835 5325 6887 4375 466 3948 9956 3415 15 8289 8090 1702 784 441 8996 1180 8674 7173
12 6321 6517 4956 1377 417 6982 1743 2090 3813 5247 9790 8740
2 7325 1546
59 8184 6430 7097 3215 172 1846 8869 7086 7415 4085 9208 8072 716 1348 3203 1392 7788 7651 3570 1746 2121 1459 8595 5698 9221 7004 3973 4407 8540 7588 396 7454 5317 1533 1310 1375 4579 87 9125 8471 8762 6971 1277 9327 6183 5813 8683 4200 1497 3585 3665 7824 7360 6096 7087 4833 342 3949 939
15 9349 9223 7264 6990 431 4049 4318 5524 7201 805 2019 320 6594 7615 4338
13 499 4983 1087 6518 8230 8319 5003 4455 6761 4881 3972 1025 2770
2 6377 4321
13 2718 4925 6397 6432 4600 4542 7055 1521 3226 7217 6388 948 1456
56 3381 1670 3775 4093 4165 6346 3392 1618 6555 6640 556 3143 9809 912 7317 4462 2733 4452 9013 4026 5231 648 7012 7395 9058 4253 3879 7649 3538 1892 8484 5363 7828 9405 9852 4867 337 637 8827 4844 2290 748 9396 6598 9808 3543 696 1876 5585 621 2618 8120 7586 6142 5011 2208
16 368 5284 3242 6438 8725 9658 8077 9538 9453 9713 9540 845 8439 6394 9250 7393
50 1192 8632 4052 225 7251 143 7369 838 2014 3581 9031 1774 9300 889 3741 4257 7996 5345 3769 8751 1663 9775 9446 6461 8584 3845 1684 9161 6085 4193 8393 9854 9762 7001 9876 1688 994 4584 7641 4686 7610 2345 183 4692 7998 1642 9700 479 9142 391
40 203 2717 6830 6897 5905 6863 4306 4594 1054 67 851 2342 619 8511 5068 4893 3144 9904 3096 8094 7886 1780 167 4642 2901 7545 8694 28 5277 5346 1107 6145 7232 2725 1952 9268 4710 6635 794 976
22 1208 3705 3809 1934 4628 7400 6500 783 9016 2336 1046 2836 9063 2554 6966 4914 9634 3915 4733 9635 3241 8171
11 7355 8619 4365 9781 5659 5563 8239 4230 7537 7803 1254
37 4411 8028 3735 1415 9473 595 9160 753 4014 5139 6625 8294 6229 356 6866 7658 9787 9609 4203 6237 7228 5041 5024 5773 339 9943 2947 7205 4238 9499 5057 38 8491 6774 1985 5115 2271
5 4520 3965 4554 3594 1722
26 6879 8815 714 970 3556 9165 6746 6129 6935 1382 5639 2468 7181 887 8982 8606 7231 1570 3216 5732 7850 3874 1804 936 8005 5857
8 4717 7885 2376 5092 6972 8261 2224 4803
50 3090 4637 6780 8149 3990 8204 2512 2915 977 1835 2857 2706 2852 6580 1686 5481 5992 8748 3894 8440 3398 3072 8450 546 9087 9423 1671 6759 3796 6611 9603 7667 2116 4132 1362 7342 9197 5928 5467 4574 2039 2223 7378 4540 5239 327 462 5893 5531 1247
49 2212 3135 7046 1862 3531 1682 7741 1092 3821 9902 8668 752 9644 7924 6522 6036 104 6708 6699 6086 2498 1302 3320 9661 5690 1932 6814 2195 2066 1124 9216 1028 1476 6375 6504 2886 8216 7834 9235 1976 4784 1731 7527 4663 6712 8966 8677 8483 3569
2 1146 2134
29 5983 6511 589 2953 9439 3316 2202 8734 8689 4251 2910 434 7955 5911 5185 45 5987 3089 1398 9769 123 1419 4408 6411 3080 2114 1987 5855 7115
46 5332 6762 4969 5684 6921 7009 4989 6898 1448 9075 2023 8544 8470 5700 4344 8851 4705 1340 5525 1853 4032 8885 7389 6240 6557 1577 1964 3793 93 2142 611 5683 9886 955 7130 7565 5169 5257 4314 6288 1275 9982 3913 5263 8742 1378
28 8192 6855 3659 5288 4576 8817 9969 7024 1151 8729 4988 1280 3379 5079 8132 6683 6282 5974 8942 4950 6687 9467 176 9318 1084 4514 4451 5273
19 9483 5828 3056 9869 1408 1597 1278 3172 9964 5223 5696 130 1044 1172 7814 4025 4265 4005 2983
12 1319 7664 7405 9719 5612 5930 6489 8705 3950 6567 443 1653
24 3193 25 9179 5000 1622 2894 3911 8315 5323 3020 6285 9991 926 9269 2650 6019 7899 1119 5103 6507 4683 8846 1924 3528
27 3614 17 6289 1678 3710 4039 2459 4107 8828 2201 7507 8644 3212 2489 4766 1921 140 4596 3922 7308 8002 1796 1016 8070 3229 7204 6453
22 9251 4439 4322 6918 4943 6004 6891 9428 6536 1875 2070 2646 7408 1586 8226 6939 6998 7851 9014 406 7663 5606
15 1381 1274 8222 4430 4162 1991 7859 6812 6539 4649 2607 8947 5733 5622 5859
40 1529 3297 558 5152 6773 1782 2446 6878 8577 7542 8457 9622 3902 7203 969 7577 8249 8499 690 9811 4851 4743 721 5029 2136 7691 5765 1130 4392 1059 9558 4213 2259 7396 9189 5297 6785 253 1508 9326
36 5018 7429 6695 3743 394 4583 8277 2649 1 8937 7746 9842 9242 8146 4895 8266 9570 8664 6587 4613 8366 6729 7148 3613 249 7635 1368 2500 8840 3431 4972 3246 9184 9712 8722 8163
18 8303 4465 576 7821 0 3833 9400 371 3011 4531 8744 8910 6334 1923 4747 5685 3739 9532
34 9252 8373 6904 6038 6728 9363 363 2469 5229 3595 2188 8934 6704 2529 9513 6516 148 2749 801 6889 964 3353 4041 8279 8900 6818 6101 8501 7112 8602 7772 5854 6075 2597
16 9925 538 6006 141 8023 9181 4847 2820 3309 2474 6717 6585 566 8123 3964 7093
2 8967 3638
47 4011 4015 9732 2702 8782 9840 569 6491 5142 9275 4464 9727 2361 7963 2405 4762 9271 4789 911 1857 4083 4910 9922 8844 6892 6001 1455 8063 6751 5316 4205 1245 1620 4456 8030 3914 5836 9596 9960 6441 2959 756 6472 7462 7138 7219 4268
68 6466 6381 9563 9675 8675 1447 5358 5034 6044 5636 5816 5303 986 4693 3170 8615 5712 3901 3317 3261 2781 3493 8378 4141 3176 2640 2771 9151 1831 9054 800 2992 3925 6963 6865 6122 6268 9361 3583 6326 4805 2924 5548 9741 5559 8738 7327 7103 8906 103 1736 4773 9856 3282 185 979 4650 6385 8003 5989 3716 3240 5207 3417 4606 7748 963 5408
2 7684 5265
20 2573 9372 1706 8946 1915 2275 8218 3889 6136 2704 5768 1854 9021 1548 5065 3963 6770 6213 3518 3458
40 7444 698 5597 802 2665 6824 3487 5590 2479 1996 2988 931 110 652 9059 1742 3676 4197 3677 2976 3233 3983 5400 6155 5984 1814 3521 1895 5724 4522 1402 9370 3674 3284 8760 472 5312 3488 5861 8957
13 8088 1818 6684 2572 3841 4737 44 1184 6993 8465 6327 6353 1003
4 9927 8422 9569 4124
15 9249 8156 6286 4508 9164 6905 1244 5287 36 5520 4660 4019 8690 664 6479
15 1817 7059 1836 6568 3876 4876 1811 2158 8270 6542 6697 3718 811 4235 6063
8 2412 2847 1701 6945 8716 1593 7532 8301
29 2751 8497 5965 3401 6144 9420 5410 5787 5407 7300 7312 1566 2819 9484 6408 9394 9891 8650 3908 9616 4513 7154 3278 8978 7888 1672 1279 7756 7937
2 2866 2845
19 1246 3742 7235 9860 875 5722 599 1544 8482 5126 8334 8332 5204 2390 6236 1938 2584 9722 3259
49 1273 8559 2774 8736 1142 1530 9246 326 856 5892 2442 2077 5089 1553 9928 8099 66 3477 584 799 4114 4498 1309 8661 9152 8437 42 9366 184 2041 7988 6072 4151 186 1017 97 8478 4523 9301 5294 3920 3514 8498 3279 883 6214 9289 4744 3864
42 1973 4973 7534 3073 992 7513 7682 4224 6570 8911 8199 6556 6218 2263 5176 2854 689 7060 4100 2517 8852 995 5621 9206 452 3771 2252 8475 5894 1832 1204 1522 7681 9383 4626 5246 4382 6787 300 8390 9172 8464
45 3936 9231 3904 866 9557 9583 3759 4712 4449 4136 3312 9921 8672 111 5964 131 718 1540 1285 3117 3395 8763 9178 2837 8607 3467 4897 5990 8260 1293 9154 1236 6458 6776 9655 5336 491 3886 6427 2110 9628 4474 1945 7441 8458
24 7284 2298 2378 9646 8133 4840 8355 9236 5845 2723 8955 7 3412 3533 9004 2484 2388 2145 1534 9497 6595 5043 3032 0
72 8071 377 6659 3782 3258 3530 2480 959 5610 1747 9533 9952 7650 9509 6324 2386 7274 3438 7743 7192 620 9356 9833 5614 9968 8037 3101 2106 9041 6953 9802 7179 6867 7022 1516 5866 7660 4995 3183 4755 7860 4401 7487 1617 9264 9434 1681 5871 8314 3304 7328 1360 5258 9308 5937 869 8338 1927 8095 4458 5048 7673 6481 1926 2372 3335 8074 2764 6510 7123 710 0
10 8306 1390 5141 7863 3238 6968 6421 384 5108 0
46 306 8340 884 8423 2846 3909 9668 763 6341 6440 3571 6986 8691 9637 1807 3927 5788 9730 5652 4339 7910 8895 1759 3627 2317 2761 410 3657 1906 7908 2366 9147 5895 9210 7555 8554 7051 5052 7183 1011 5474 2266 2028 325 1929 0
6 2591 4530 8430 2191 8377 0
66 8292 3030 5769 1528 554 6135 8630 8158 874 1276 8772 2639 8546 8038 8207 3469 9322 8767 1396 484 5023 8631 4845 9136 1193 6757 1911 1714 9364 5670 1117 663 2332 3621 4767 7699 3878 751 6089 8307 5999 6027 3545 4000 8998 5959 449 3160 53 8502 7072 5583 929 4118 4492 9780 1334 9024 7409 3044 9384 542 3863 1864 8019 0
22 9763 788 9319 7297 9159 7906 5420 1314 1167 2800 6674 8396 2563 6328 4248 1771 392 1488 3859 8059 7252 0
16 476 7367 4700 1095 3698 7218 3516 5581 7724 6749 5947 5488 9008 8372 5631 0
32 3760 6540 5498 2700 3967 6938 6869 7622 2891 1220 4954 3573 1409 6349 7214 2050 6365 9686 4723 125 4714 9149 1158 6738 9777 9568 1235 3806 3615 6840 3289 0
3 4006 5471 0
3 7453 4057 0
7 8719 1052 5318 6636 7568 1510 0
29 23 9848 755 539 1366 1984 9703 8737 6311 8913 6606 3293 5040 5912 5328 7494 1333 2728 2175 6506 6278 9674 7299 3895 5198 6471 7151 3586 0
5 872 2794 5296 5672 0
10 1785 7343 4977 432 7241 9937 7870 6188 4955 0
89 4525 3549 9393 9888 5381 5027 7320 1735 2293 1267 9144 9575 419 1201 8448 7595 704 3896 4689 3940 509 7636 6722 4669 5872 3450 1786 708 2995 5448 572 3231 6554 5756 651 4367 9339 861 9051 7096 8603 5462 2853 7100 270 6162 5703 5624 4023 668 4908 7323 4861 765 4672 5252 8613 1462 4685 4305 4534 3756 7868 6701 7895 4128 5242 9120 4858 7818 1963 7953 2752 5085 3858 3764 521 9237 8361 5666 8392 597 2696 4067 885 8480 6120 5586 0
49 6745 1177 7372 9385 1908 3220 6832 9611 7764 9641 1294 3062 2675 2217 1311 255 4433 4802 1897 7236 7879 91 3673 2443 8237 9899 6937 9001 8656 4873 4264 3268 7423 2807 4880 5121 1868 6322 1359 9747 2231 7244 8336 8984 3153 1471 2888 1134 0
3 9019 4042 0
60 622 580 8179 1414 1024 513 3368 6454 4016 9116 7043 4862 8529 353 6058 6618 7194 9546 6498 3121 3079 7288 5405 4358 8161 8997 1131 2769 3305 8360 6888 9103 1383 1049 8358 5028 4422 4578 2433 8764 3932 4577 1404 3070 1196 3446 7740 8549 5833 2321 7077 9664 7719 4951 4562 653 4461 1047 2273 0
10 3086 8867 9831 7439 7847 2101 3984 8053 9796 0
3 7122 1805 0
26 9954 9167 1416 2309 5167 8971 5038 5776 1371 4920 3862 3951 4211 3360 6312 457 427 2811 3652 1899 8654 4459 5076 2701 4156 0
22 2346 8397 1191 6374 4234 4711 8359 3478 3687 1452 2683 5095 173 2815 7368 3893 4312 1210 6930 5944 9766 0
71 2660 7150 8412 5260 8148 6076 6363 3609 9687 6672 8513 153 3763 5171 5950 7259 5360 5796 5468 5106 9578 8568 8441 4968 9898 470 9936 4765 2045 4888 6605 6088 757 5922 1602 6296 2038 9970 4111 1473 9130 8875 7073 5925 8011 1833 58 5839 5633 4044 6224 4152 4740 6465 2908 138 9098 1505 5575 6721 4986 6147 7135 2291 3924 2969 7976 338 9404 5538 0
8 4588 5883 9834 3800 9710 4013 8154 0
11 4838 7722 737 3869 6881 2078 9685 2533 6417 6111 0
3 5553 722 0
3 6463 3107 0
62 7005 4214 29 2507 8302 7210 6706 7198 4184 5507 6473 8823 1175 7710 5751 6048 7465 9190 4957 8173 2368 930 2906 8918 3686 1041 9234 3757 7984 9813 4938 7675 3169 5475 5601 6519 7566 6730 4831 2311 3336 743 1032 3175 8636 9219 9419 9912 8089 3363 1737 2072 3576 8152 686 4427 8374 1213 2856 5451 1207 0
3 8553 1646 0
5 9044 13 6665 9677 0
3 310 5790 0
15 2288 2678 3303 5110 2870 2325 9618 814 9468 6017 1469 4399 8078 7161 0
45 5371 7971 6452 4533 9442 6820 282 9870 6754 8093 6203 6769 9708 2602 4963 2048 414 4227 4699 4964 2740 3525 2485 2750 2165 5830 2453 996 3637 5967 5842 5138 6496 1965 3998 3092 6790 5459 9602 3486 5113 2287 4332 231 0
3 6238 3688 0
16 4887 3515 9642 5434 5771 2987 7905 4521 4216 2210 7254 6343 3679 9887 3402 0
3 6591 9304 0
8 1067 6521 2616 3753 5906 8999 9990 0
16 1399 3145 7940 6352 8136 4053 8050 7185 5774 345 3464 1957 2946 2221 6271 0
21 7464 285 5603 3326 52 1982 670 9039 8676 2688 9855 7852 4609 5015 1954 2334 8384 9669 5466 7036 0
10 1922 2502 6559 4499 8100 5046 3296 2556 3724 0
7 2541 6384 2671 9695 9972 1261 0
16 3729 4284 5197 2849 2170 7865 3520 3814 796 464 8701 7511 6980 4549 20 0
3 8788 8147 0
79 9313 837 1757 4601 769 734 1879 5227 2026 2006 4836 3114 3527 8116 9505 8312 7761 1090 8785 3958 8926 3425 9328 754 9213 8533 8283 1053 496 3413 1058 7688 1715 2399 8455 5145 7696 2555 2493 600 693 7620 204 4488 5403 6727 8282 667 4037 3189 5311 7495 4506 2051 8405 3872 9025 1514 8263 9374 9794 9162 896 9450 1306 1122 6829 5623 7310 5438 4945 7234 7118 2619 3559 4416 7912 2755 0
8 9346 1813 1961 7324 2840 4258 2813 0
4 9418 4778 3825 0
38 268 1407 3697 7188 2436 4959 6457 3976 3066 3459 4225 7382 2171 2122 6681 4406 3846 9406 5452 9474 8067 3013 806 3599 7260 2179 2282 7771 9076 4095 2081 3633 2545 8369 3780 8488 3069 0
59 1776 6541 8420 7435 297 6924 9691 245 9735 7692 2394 6216 5835 106 9620 6922 6029 2745 3648 7769 8659 5472 7309 5208 2909 1050 8528 3822 8781 9257 2879 5013 8097 1680 2027 8647 6639 7517 5555 5238 5644 5162 1865 2373 7348 1585 5849 4504 899 3132 4208 5591 5012 1531 7677 9188 4296 6342 0
29 5091 723 7992 9881 274 5750 3254 810 6071 4967 6969 9955 5486 8275 2632 1073 7175 5869 4809 877 5795 9351 5 5469 6202 7530 3014 778 0
5 6583 2515 2257 1019 0
4 7075 4273 4432 0
39 8102 8792 854 35 5662 3334 2787 4848 4595 4615 5701 7498 7562 7081 6903 3221 5116 7626 823 5184 2268 3682 4351 2222 3935 6612 7101 908 5151 1202 6657 2623 6973 4486 6130 9281 7739 136 0
48 9864 9636 2963 1970 5156 8530 2434 1494 9652 6476 9553 9843 4565 1342 5326 9158 1518 5314 189 1322 6977 5933 6827 8276 8394 6586 2775 3653 4946 3650 1977 6956 3479 3274 4775 9169 460 3151 8039 217 6987 2980 8600 1823 6877 2161 1547 0
3 1027 5174 0
7 1140 9337 9294 9893 6630 1006 0
27 5982 5742 8561 6947 2164 4933 6546 8547 6604 2578 925 9696 314 7221 2506 2242 8079 3749 7220 6853 1347 5885 3517 2396 1489 7049 0
3 6544 4320 0
75 549 8950 2576 2313 6485 7379 313 4555 8285 1830 4274 1700 1523 5099 6132 3840 2948 5920 350 2141 2320 6184 775 8804 2206 3421 6806 46 7750 808 5168 9880 8115 7419 229 3323 5249 5577 2404 6989 7848 1498 5781 4510 3762 6842 7158 6816 2962 7074 4927 2679 3350 7305 1454 3100 6350 586 9992 4160 3929 9496 4670 7766 9711 9571 3770 5699 7017 2979 6861 9759 6455 8217 0
22 4317 2974 4287 2032 1769 424 893 6626 9245 7949 8583 430 4267 1564 8240 386 1434 7128 2864 284 9573 0
6 4329 8235 1439 3923 4929 0
61 4352 415 2809 3947 7759 1710 530 8486 4123 3315 3829 3547 4561 9421 8140 5708 8550 239 5210 7528 7193 6255 2762 4210 8105 7587 3449 5104 77 824 7486 9185 6483 1069 3272 9648 8569 7518 9280 4730 9895 6333 5460 9259 9127 7618 3567 3522 960 3644 467 5033 429 1317 3023 7827 7215 4627 2172 8414 0
3 7147 1226 0
3 7990 1559 0
55 1209 7928 2920 1900 5335 8175 6783 5497 3817 6228 2009 4687 1794 1637 3651 6786 2031 330 2538 6115 6984 5572 7874 5719 159 4328 7903 7387 2622 6643 1800 4232 2829 3127 4826 9225 1753 1291 7216 5561 1539 2091 9828 9415 3799 8117 4763 4303 5604 6959 4479 4341 590 8375 0
75 1867 3168 5406 3410 4260 9469 6951 5620 7883 4285 7665 7535 3197 2741 5214 9947 1872 7149 242 7145 6447 1387 5259 1116 2712 2772 8944 2965 1171 6025 855 198 4218 1057 6791 5194 1401 6021 9006 9694 2218 603 1750 7614 1988 1103 1198 6579 8920 238 8702 9135 7701 1495 6429 79 5177 8522 8418 900 413 2452 7797 469 862 7796 2312 8185 4477 575 8898 7920 1824 8921 0
10 3824 4527 3939 8669 5175 8963 6084 2611 4865 0
2 4420 0
3 5444 4374 0
3 5780 7789 0
9 6610 108 7836 5083 2105 1088 9814 6221 0
51 6663 3693 6654 2711 4349 209 8614 4940 1324 6338 8220 5074 1613 7207 9155 3213 7474 261 8376 8494 3844 4529 4603 7199 5863 1708 630 4174 7802 8219 1165 2843 3917 4961 1248 8391 1986 5014 289 1341 8453 7890 2972 5170 8114 5352 2673 8075 9866 142 0
3 7110 89 0
3 7506 3286 0
9 7613 4385 207 1094 8046 4189 1576 998 0
2 8402 0
3 8571 6603 0
34 8708 6952 3655 8848 9845 190 5510 6420 4003 4629 39 8413 2065 6856 592 8599 6382 532 9436 7139 7171 4254 2450 2005 7163 2017 9032 9009 6165 1869 1118 4127 2862 0
24 8968 8473 8162 1729 9175 1428 5546 5843 8899 8321 7489 2367 3041 6067 5427 1200 6954 3190 8194 6241 3961 6266 4319 0
34 1194 3430 2233 4196 7668 3795 2119 4806 7383 742 8813 1629 4657 3102 8651 6351 6330 7954 6882 1571 944 9111 6800 7705 5994 5236 7186 3180 4159 9988 8696 3702 7133 0
18 1880 4181 4361 4678 7964 6028 5526 9064 3971 4178 9607 5021 4820 3611 1955 5458 8700 0
10 1956 2583 6981 906 7670 871 7283 5865 8618 0
3 4027 5254 0
4 4138 4069 5665 0
9 6190 1015 5248 329 7974 7258 7981 6494 0
2 6960 0
61 7952 864 1651 1421 3149 5516 596 8055 439 95 6493 422 5853 9812 3691 2156 7627 4746 9341 6775 6414 6848 1624 9263 4419 264 4617 4183 2542 7970 5333 9822 216 6524 5775 4816 8512 7947 7669 2457 1403 3784 6232 8648 1665 9577 9475 4841 6052 2280 7446 7563 735 1281 7403 5508 318 6230 6087 2659 0
43 9409 9411 2603 9996 9559 2426 4202 5487 2323 4371 4236 5329 6146 3625 2358 7265 7233 62 4757 4922 3385 4884 7880 4220 3714 7578 7919 9122 4190 8706 2185 6364 6771 9045 1500 4366 7414 1211 7029 7819 4993 9906 0
6 1376 6676 5334 1283 2508 0
8 1555 8278 7042 1243 8364 2124 7058 0
19 3341 6259 3898 6091 6273 9387 8286 5926 3349 9950 1650 1898 291 9309 9431 8091 9753 4186 0
45 3442 4435 700 585 7293 1784 8932 1630 2838 965 5954 7104 9830 1627 8868 8309 559 4105 6319 1660 6451 7599 7352 733 6860 682 6380 7392 8181 9288 9102 9239 8233 798 1744 551 857 4139 3285 5805 5834 7801 3690 3064 0
44 4048 6197 10 2710 1071 4856 9919 7811 7253 4167 119 7647 1601 3211 9240 4852 9388 786 9150 4369 8296 9739 7628 6437 3466 2088 160 3823 2968 8759 9861 8938 1225 7473 1669 3568 6974 6445 770 6602 9042 3298 4158 0
2 4868 0
2 5478 0
33 5562 5679 5913 8431 3083 5908 5191 7685 5675 6407 1583 8438 5411 1265 8539 8592 1445 526 8036 1584 6796 7603 6553 9336 7831 6841 9091 7340 1137 8371 8433 4243 0
2 6090 0
2 7760 0
3 8605 2627 0
2 641 0
2 3827 0
2 4736 0
2 5969 0
19 9186 7844 7491 6100 3761 4896 4434 6186 2421 749 967 5075 7326 2871 7467 2913 7273 144 0
2 9740 0
76 187 3156 9003 4094 8477 6002 4855 1664 4098 9523 3667 5693 7810 6694 3601 9815 601 982 3993 4544 3783 8298 7337 544 2108 6178 624 2546 266 8432 214 2004 7168 3263 1268 2858 8907 2812 6355 2127 762 7892 1877 7833 5150 7178 2878 5383 2699 1826 9771 6195 3348 94 1388 1218 1263 937 4760 2743 3524 3941 3087 4172 5463 844 1242 1808 6795 9192 381 8381 8570 3776 5370 0
4 943 5368 5571 0
5 1844 2806 6080 3664 0
3 3539 8994 0
39 4070 5394 1042 614 8323 1259 5482 4801 9786 4916 3815 9093 155 9253 6692 3179 1950 7826 4590 334 8692 4460 171 9939 8658 6448 6099 5515 5130 1556 2349 9095 7944 6797 2102 9736 75 247 0
20 4469 9451 3848 3192 3819 3684 181 702 6894 497 9547 6851 1819 685 4122 2876 3903 486 2411 0
2 5513 0
48 5934 6633 1866 7287 4084 9702 9105 9068 7386 3802 4376 1580 292 3554 69 3952 819 9826 8014 949 3222 1863 2954 6808 3163 8026 5009 6262 2186 8972 4168 6675 2872 4647 2481 4928 2680 6679 2747 7736 5551 8468 3732 7731 2499 7189 1410 0
2 7015 0
9 7909 251 8865 6573 4079 7560 7245 3985 0
3 9824 6 0
2 9914 0
26 174 6793 8839 914 4676 2347 9909 7225 4116 4909 3460 5007 9198 2148 8709 215 915 8463 6300 7436 3994 2514 7131 7768 8789 0
47 2430 1422 3720 473 5172 3141 5320 5831 1662 4808 5339 2801 2285 9660 3224 7742 6400 6370 3219 2957 3789 9757 6714 701 523 4206 1719 6677 8108 5592 9793 86 5728 2113 7604 9067 1509 3084 5726 2076 177 5710 2510 2344 747 5543 0
2 7362 0
16 8253 4412 6276 2914 5388 9060 4117 1966 4446 3314 7869 8521 6671 6339 3589 0
2 835 0
22 1159 2855 5190 5419 4551 7209 6615 7440 8241 8045 8838 9873 2392 4368 2895 7985 6392 9589 6258 9829 6467 0
2 1545 0
11 1855 1554 3837 602 1148 9302 1696 5433 9621 8087 0
2 2951 0
59 3371 9733 3249 9851 1674 2520 4428 4546 6558 2296 1221 8995 6192 3047 3632 1215 4099 2505 9012 3867 5211 5948 3843 8796 1587 715 7624 2601 7351 2875 7654 9963 2783 8749 1217 6739 7897 2097 4619 7286 4907 9204 2126 5331 3344 1928 6107 6348 9069 6934 793 2540 729 3332 4539 2194 9529 6113 0
11 3709 828 8641 3798 9495 6005 8891 2596 400 6613 0
6 4646 4140 2532 7424 3643 0
58 7929 3055 6656 9820 3640 1625 6450 8713 7574 6265 2577 645 9177 8560 5746 7777 1176 3435 2270 7278 4247 4638 4130 2393 2898 7679 1411 1946 5268 4282 6617 4902 7397 7330 5490 288 7605 6106 6396 6561 5549 1878 1806 8197 3489 4453 3703 4001 8685 1801 7734 6949 1641 5651 9123 4911 5723 0
26 492 5518 3071 6668 6646 4108 99 3683 5691 3600 1919 1754 7989 528 1941 7551 3700 6070 6157 5062 4697 8008 5105 7661 8941 0
82 2061 9626 3245 6740 3311 541 3008 8573 3891 7557 6849 5744 3512 7174 2180 5557 5593 8160 4278 1121 2916 495 5763 433 9506 8958 605 9335 8177 2139 1766 3262 1572 505 8680 54 3916 6156 7786 781 2827 2816 3388 7630 6624 7407 8064 1623 8879 2082 2374 4304 3436 6781 6915 9728 9878 9549 102 8948 14 9930 5735 2726 5036 7166 8912 8308 5898 9839 7313 797 1115 3797 2544 6103 2075 1689 2905 2129 8582 0
71 2735 1335 1066 2432 2519 6689 4618 5341 3692 5881 1492 8739 109 3017 3050 2497 9738 7792 2335 8118 6013 9466 3133 8871 5042 2154 5904 9470 1435 5102 1188 7966 738 1183 7510 7056 3235 5757 1249 4599 4691 1733 6978 3804 3437 758 4061 7094 9827 3129 6666 8415 8883 7780 9527 2098 6631 901 3078 8810 1174 9131 3577 5613 2574 6166 8682 9584 1357 9430 0
2 3088 0
47 4309 6901 9619 9679 672 6916 6965 4090 7911 7455 2357 8254 1588 2338 9804 4673 8351 2600 9276 6805 2174 8801 1199 5373 8872 5976 7840 7461 4279 8822 6720 940 6792 5269 9332 6685 70 7608 2676 2036 5936 9948 9215 1001 6700 2117 0
13 5975 2548 4360 6139 5921 2238 8552 122 6628 4653 4591 4592 0
2 5985 0
2 6834 0
6 7025 6644 2095 8223 3883 0
2 7522 0
2 7655 0
2 9693 0
41 1002 9071 2132 5495 6313 3026 3839 4776 2402 3905 4021 4256 9962 8214 9512 7918 5005 9376 7817 5143 3495 7418 3636 5956 4336 9108 6857 5707 1216 2007 7930 9597 6302 8939 4033 4786 6620 6073 947 616 0
2 4417 0
33 4528 8357 545 5365 8056 1905 6713 9224 5541 3188 365 9358 6826 1783 7543 972 223 8935 4372 5337 9412 5759 7470 375 2439 6055 6105 5657 604 2245 8929 962 0
2 5578 0
2 6143 0
73 6822 606 4894 489 3546 8213 9452 200 5535 5818 1550 1272 8224 6927 3816 5743 615 9981 3663 5656 3541 1349 5650 6359 8843 4792 2780 6056 7931 7698 5306 9718 3597 1666 9706 6020 2931 1463 5132 5782 2389 9201 6928 772 5428 7642 9248 1608 4726 8476 4738 6933 1144 1379 2798 5803 2874 7450 8954 632 6577 5896 7426 7336 1612 6599 450 7611 5737 5779 2697 6016 0
2 7482 0
52 8029 8274 6200 2382 6747 4421 1995 1030 3605 8835 4112 5511 4007 2732 7785 507 636 938 1257 5564 4913 8780 9720 6393 8182 3077 5704 3455 8681 9788 9173 9094 8806 9535 9047 5084 5749 3040 2414 1851 3082 6669 1760 1026 6678 5661 7014 2911 3480 3943 9476 0
59 9976 7956 1005 7318 7140 6424 5721 4586 8382 9382 1655 3403 6307 3565 1693 9018 1443 4035 92 3622 2248 1557 8904 4675 3085 2011 6345 395 5879 1589 2341 4620 3009 6803 4718 7298 6069 2842 9889 9725 7137 4386 6047 2686 8914 340 6756 1882 2269 6621 6482 981 2958 2398 2821 5399 8980 4750 0
58 88 677 7965 7475 7499 5716 1883 4882 3596 9985 4624 8586 6402 2060 210 6475 6062 8236 1886 445 8187 4302 9541 3962 9566 1264 731 195 8610 7552 4992 2835 9758 7856 4748 7333 8287 4892 478 2012 6299 2707 688 3206 1935 5817 5929 404 8168 6079 1337 5165 2063 581 9146 7727 8113 0
31 1023 4043 2936 7294 6946 3852 6525 1354 3310 9244 2868 2880 957 5852 5798 848 263 4018 2135 8612 2949 4764 2255 6779 8927 4734 2625 2892 5278 6870 0
2 1114 0
13 1626 879 7421 5753 5770 116 7791 669 8726 7449 807 8556 0
2 1998 0
3 2053 3288 0
2 2265 0
2 2709 0
79 2917 48 9291 1323 1512 4414 4170 7248 6425 975 9138 9897 9737 2605 1968 8667 3372 6121 9701 5519 4106 8062 7479 4654 4125 5730 3811 4903 7853 5729 4289 4104 8755 5595 5010 1458 3738 1241 8555 335 6095 471 8525 5713 4153 5261 9643 7757 1691 5961 202 3108 650 6534 4034 6702 8466 1616 2925 4126 5599 1372 7991 540 7307 5390 5080 6416 2369 5711 101 2383 1099 1994 6623 8212 3451 3021 0
4 2939 5891 5841 0
2 4949 0
2 5573 0
43 6815 6961 8587 2324 6150 2198 442 9191 3572 5602 6825 933 3685 5540 3038 8085 2527 6426 2935 8686 405 2444 3201 5635 2144 7099 1132 6301 4515 5128 3427 3059 1187 4081 2782 8562 8295 6941 7695 5131 3890 3887 0
2 9359 0
2 1018 0
2 1022 0
2 1284 0
3 1339 3620 0
16 2758 4261 9699 534 2884 5826 5811 7943 59 9278 9445 2889 1599 4863 3723 0
85 2883 2695 9283 6361 372 7612 739 5517 2143 47 1252 5025 921 199 5285 8445 2216 57 2927 9951 7344 8167 4503 8953 3851 6199 118 6742 280 6512 4625 5166 8590 9704 3483 3551 7121 3725 732 4342 403 2785 3582 3001 8206 5915 7580 6733 7315 841 5740 9542 2668 1440 1848 2473 3159 5330 2759 3745 3847 919 2096 7942 1307 2150 3604 5846 7184 9825 5435 3035 1849 5492 9614 9993 8229 9196 5375 7776 6390 96 383 8527 0
2 3367 0
9 3491 2822 9371 4563 1749 6249 9534 398 0
46 3855 7229 6269 817 9974 9030 8421 4398 2558 4787 11 2513 3946 9610 7570 4821 8293 7645 512 6854 4573 9295 9957 4524 7921 9344 2240 4275 1364 8409 1329 8579 7007 9416 6358 8657 1953 8877 1841 7896 3831 4883 9352 1425 4538 0
3 4557 7986 0
3 4796 2669 0
2 5067 0
46 5086 1353 1269 7329 4761 4291 4966 3373 1232 4410 990 9284 4249 2537 987 5880 7745 1734 6061 1770 8886 7125 2084 4384 2873 8642 6691 2903 5850 3052 2777 1289 2971 4681 5199 359 8356 5098 6976 8096 5342 9243 1675 6257 8710 0
80 5324 4377 1315 2559 7088 1113 7451 9890 6304 3105 892 2470 2642 169 9561 412 9254 6726 4709 2074 3027 1781 2614 475 2437 9862 6736 9632 8436 2274 5234 1717 27 8403 8084 1661 6859 333 9844 1255 5901 7728 9580 7240 1791 525 4334 8943 2698 2146 4045 4350 1633 1123 5179 7082 5547 9391 6593 6189 208 9916 8981 8752 3907 7894 6562 1582 1635 2919 8855 3995 1441 4290 2058 3366 158 3626 5244 0
48 6412 7401 7799 4387 1013 166 4164 8189 8803 9180 6410 4403 1745 7846 6367 5088 7872 2539 9639 9229 6462 4543 9789 3856 1351 1081 2645 458 5186 5981 2543 7754 8985 9057 2307 8925 9432 4040 8342 9097 4999 8122 4837 8919 3766 8442 626 0
14 6515 9750 2885 2083 2524 149 6449 8205 281 1969 4791 8538 7733 0
9 7061 5348 4393 1931 7723 9311 6835 8350 0
2 8047 0
21 8596 1837 1795 4272 1091 4731 4315 1100 764 7571 922 9590 307 5047 7730 8974 5931 8888 7016 7404 0
16 180 4337 1457 72 8265 322 2943 4729 7281 9 1139 126 5943 3060 8131 0
70 423 1305 9325 6670 6649 7064 7156 6884 7561 5971 8774 9666 8832 4228 7787 5409 4450 9579 4532 8988 2037 2565 3470 3251 5380 5426 6140 4559 129 2104 9593 1967 9043 2351 1068 3953 3730 6487 1149 8251 4560 468 1779 5397 4719 6950 7838 7917 5977 437 8611 5055 4077 4441 1591 8821 7370 302 3591 4241 5815 8425 759 2395 4545 7572 4075 3734 8870 0
2 766 0
15 1000 9049 1940 9266 3391 5354 6638 5786 56 8652 9386 4991 8812 7460 0
63 1560 3555 7141 7463 3239 6502 8435 2495 4815 5748 6634 5952 2059 4326 4028 3433 1480 8645 7208 9106 1709 4944 3645 6187 9331 8257 8814 9321 3006 9630 4443 3937 8052 6284 5527 5283 6303 8411 7247 3106 5837 8025 5096 3154 4814 1043 6317 1552 1345 711 5393 293 7032 5202 3376 2305 5385 6287 6931 1449 9521 4145 0
2 3207 0
2 4325 0
6 4793 4431 6112 7143 2691 0
7 5441 3111 5616 5806 8183 5720 0
46 5445 7119 9090 8629 1852 4630 3666 8575 5678 1997 2385 4587 3974 1297 5256 463 8620 4244 3434 8492 2817 5396 983 3888 9932 3142 3118 7066 7304 4817 4298 8092 2763 8964 2594 1301 3610 4331 3712 3854 1573 1726 1909 2363 8337 0
42 5868 568 9752 8329 3471 4056 7891 9011 2731 9678 6764 6094 9462 8646 2526 64 2934 6940 7006 9080 6810 2582 3330 2789 6528 1083 1752 9050 8176 8626 3978 9323 9875 5718 9552 2687 4886 7815 8663 1751 6819 0
16 5968 258 643 7674 635 9306 5455 3290 7967 6609 570 3671 2893 5851 6439 0
2 6018 0
30 9377 991 9767 7781 3374 6248 3484 5090 7010 1468 8593 4947 2713 7354 8776 5910 6444 5195 8896 6632 5144 9203 2196 9310 2588 725 9782 246 6997 0
3 9723 6170 0
2 240 0
53 1515 303 7040 8703 3025 610 9935 6735 7314 730 1685 640 1913 5120 85 9381 5382 7334 9424 5289 7041 886 5073 9874 5039 6000 8624 21 4345 5140 6014 4187 2239 2149 5832 6239 4379 2792 7437 1581 5431 4756 1051 5618 6983 354 1590 9859 3267 3140 6405 1020 0
26 3230 9865 4874 1316 3955 3473 5153 4429 868 5414 4204 1502 1764 71 9017 7531 4229 5392 4655 7946 9971 9367 9048 2289 2848 0
2 3870 0
23 7773 2902 2461 7485 3587 9296 7417 5767 6337 76 8264 3868 9764 7243 2364 5528 4661 3275 7775 3166 332 2586 0
20 8824 9756 6582 7271 451 8771 8818 6468 5677 6315 197 5609 3042 4310 4656 5276 2219 321 1558 0
13 9868 6477 3523 913 7584 5082 5536 5874 5939 2460 7735 1038 0
60 233 6495 5187 7366 6376 4877 7345 6211 8305 1487 4131 1386 3707 7358 4353 7592 4721 777 9460 8956 2435 2160 6584 7420 9692 9427 1395 5180 8508 8849 7774 968 2197 4674 7452 1802 5560 6279 3364 8802 9174 8138 6340 33 4825 3065 3404 8211 2805 8960 5206 3836 2674 3535 1890 9879 9315 5752 4120 0
51 1143 7497 9286 5605 2504 6050 5030 5081 2013 4785 5993 791 6368 3715 4501 7127 178 1730 6837 7523 4383 8931 4050 3550 9984 5157 6059 2249 587 9035 8242 7136 3115 7416 7484 3501 9690 3045 1413 2494 4598 6051 5201 6777 1740 9324 6227 1631 8905 6210 0
33 1206 8830 2850 8109 4912 4970 5878 1827 7365 2162 8732 5625 226 9772 1891 3536 5687 3504 9612 2310 1258 4182 9398 2795 7747 8130 5446 9673 7493 3772 3882 8054 0
71 1992 8518 9707 5970 4842 2429 789 7373 4233 950 984 2518 4990 3740 6274 6082 9849 1725 3411 4121 1551 7770 6833 9594 7226 2024 5453 3139 2802 3593 2261 2804 1256 8401 552 5566 8049 3448 9989 4505 5594 3214 681 1567 1076 5909 3494 1391 8621 9074 4102 6839 4636 2111 4176 812 694 1328 5275 5660 9079 6032 5017 6895 5731 9942 63 250 4082 1318 0
63 2316 4143 2912 6794 7116 6003 212 2000 1755 1365 8768 2355 4807 649 2776 4800 1904 4426 7488 6068 2213 5117 9821 2137 2560 7749 193 2634 1496 305 9119 1918 8704 294 2918 8416 278 7505 1239 2230 2907 2932 485 1821 6108 5357 7431 5395 9085 90 1763 3996 9425 5760 2839 243 8976 8404 5069 9908 9214 9227 0
2 2448 0
54 3629 4008 6277 1543 8310 3580 4150 9670 3409 5213 6404 3579 7224 5626 1792 8989 3778 4720 9680 1537 7037 9441 9037 8807 7907 5101 7916 9077 4219 4280 7962 3039 1298 3 1296 1477 9195 1676 9455 522 7623 1014 9260 5372 5148 2157 9464 2643 503 5129 4490 4286 8022 0
56 4307 8728 8962 1724 5387 8262 8020 3208 6110 7638 3991 8766 4645 6399 629 4115 1738 7019 1979 9078 4327 4701 7276 4300 4623 6064 7529 2568 1029 9941 6600 6564 5634 4771 3786 3365 5450 221 7202 1793 6911 4340 6782 3209 9773 2724 9230 607 7459 3357 966 3250 2621 4448 3812 0
48 4948 7028 9052 2784 9255 2690 5425 8426 498 881 8542 8017 918 9647 1308 3377 8129 2093 6707 6513 833 8335 3481 2579 9911 8634 7738 7782 4810 7659 1511 4682 5053 4146 7065 4998 7925 5473 6942 4795 6126 2666 1229 7050 2823 9317 7375 0
61 5440 4058 2869 1993 8406 1978 19 2714 4078 5282 2112 6703 8557 3194 3181 7162 5228 7428 4485 1491 7837 865 1513 2760 4768 6104 2933 9444 1292 547 6077 3125 8545 6219 2029 2427 3419 8747 2068 9033 9576 1506 201 8341 4996 4109 3217 1809 2472 1527 6433 8043 2329 6530 3606 692 8507 717 516 8178 0
9 5903 360 3755 6690 1070 5301 3588 5953 0
69 7070 84 3167 6160 5343 3005 3849 5856 482 3148 5955 4575 4794 8346 8902 951 1640 7277 9202 5291 3624 8150 527 9884 1493 3016 8006 956 5738 3509 9447 3660 5308 9086 120 1485 3885 3277 5807 2379 6572 1426 8143 7900 4994 8454 2956 2564 401 1444 5220 2626 8007 2492 7558 1464 7255 4110 3485 6743 9953 9792 5588 6929 5820 3210 9465 9918 0
90 7657 4494 2571 5235 6913 2166 5808 8449 2641 150 2973 6711 1888 7683 1634 267 1369 7477 2056 7434 4024 6305 3199 608 1168 1474 9408 1271 1692 6658 9458 8979 30 7448 2808 2438 683 65 7195 4496 3337 2547 760 4030 634 5321 3091 7652 9592 3642 9841 3921 7332 2863 5274 3476 9629 2260 1839 3256 9684 7515 5322 6614 2767 6231 8221 8923 5470 2610 3944 9850 2635 6347 1417 3306 5362 5794 5347 6245 2926 7011 1765 4484 517 2326 1972 2865 3619 0
2 8000 0
65 8520 8086 8459 7398 3067 2531 8157 2455 9926 1503 9631 6133 1189 3122 7176 6172 6235 7633 5133 2585 9564 1501 6413 543 4076 1790 583 9211 9653 625 8034 6847 5745 2010 8255 2424 9066 8127 836 5669 9435 8534 3733 5313 9390 6256 6049 6118 2703 8601 5681 7054 4364 5747 829 5819 2360 7353 7481 5224 9354 260 9241 7795 0
15 8730 6850 6298 3511 1287 9357 1947 6436 4634 1304 9426 6723 7881 4662 0
86 8731 273 157 7709 3294 1605 4781 2536 7357 6164 8040 7884 8795 529 7737 7211 128 5584 5783 7034 7364 6804 6280 3785 3429 6737 8203 6962 9062 5477 5824 7866 646 561 134 4517 9330 8234 9107 2653 9217 7582 3280 4396 8243 4166 1481 3453 1698 8267 3328 8580 7027 2300 6650 5483 6171 7569 3711 548 8238 4602 2834 3631 2814 7671 9598 7666 1350 6151 7200 8083 5493 1169 8532 3228 588 4010 465 82 4199 1077 2370 3076 2463 0
3 9360 3408 0
2 9803 0
57 9979 2278 567 9046 768 315 1363 1959 8786 8410 7934 7282 8316 2966 816 4819 1325 40 8638 9783 6116 6387 6667 4512 6344 2001 847 5762 6225 5178 3265 3046 2138 3675 4985 6680 5897 382 3119 8297 8643 8969 3792 3884 5051 4311 4668 1829 703 4671 1787 7539 3726 4217 343 9472 0
2 218 0
27 4301 8048 1654 9092 3283 6899 5580 4547 4252 2628 3010 4979 6588 8460 898 577 2685 4835 3308 4695 2046 299 3540 9089 2773 5697 0
9 5059 5812 7079 9040 8024 1614 5587 5415 0
3 6527 6917 0
72 6724 4788 1227 8892 6767 2523 825 6744 7275 6066 6902 9729 3054 235 3574 8524 2348 6114 3828 1412 3463 175 348 6641 9823 3873 232 7982 7619 385 121 4359 2756 5026 5761 6880 3810 4632 9665 7242 8809 8831 7767 7904 4772 5694 882 4129 6422 4313 1896 7165 3113 8258 4491 2606 9554 2964 8300 5673 8112 1902 1861 4476 9716 8723 1109 1299 1163 4774 8850 0
10 7972 6520 8479 7939 8429 316 3975 2130 5173 0
3 8563 7410 0
3 9287 5646 0
2 9910 0
78 1138 7399 222 3103 4066 4536 1438 4437 2401 839 493 9267 4020 1332 9140 989 3918 9511 8791 1628 1460 6398 3938 7191 7187 127 6597 4824 7729 5709 2359 6581 2715 3146 8400 9026 137 8343 6801 6910 5456 3497 5607 9279 358 5266 6308 1127 3383 3424 8591 4558 3662 2575 1358 3801 3187 7291 7591 393 7987 8836 2604 1479 3015 2786 6862 822 2609 2 1182 5264 6992 2633 2677 9638 1697 0
65 2247 8395 24 9020 7849 4346 5237 3138 902 3575 5006 6550 4666 9944 9100 6652 9457 5674 3165 2415 724 1145 8281 4147 8280 1596 2403 8428 6784 6092 3658 9973 6012 7882 5755 9929 2830 3399 1475 2022 6696 7089 2440 8837 3646 8080 8853 7249 5596 2391 1219 9350 1056 4759 7950 8880 9608 272 1679 5900 7758 5240 7938 5504 0
35 2528 351 9082 6391 4611 8916 1288 7961 9034 3634 3794 5978 2044 3835 6821 2462 4324 654 2985 3871 1031 9422 2833 6549 1230 6134 2220 4091 3152 3057 1621 7412 7602 7714 0
82 2720 6198 9581 3333 658 627 4648 5829 6316 7442 2754 2173 9817 2977 3731 8860 5193 7778 7576 8551 2613 9734 6159 4497 6741 6601 1772 5537 2089 6043 894 8721 402 5502 2237 4984 7598 6619 1720 3300 2552 1828 1078 6543 3440 1405 7755 8639 4780 9709 1942 6383 5940 8408 236 5544 4363 8628 4556 4827 7385 1074 4063 1195 5822 1080 7702 4901 2464 6247 6015 8385 5422 2199 8775 6254 9560 9765 9885 2100 8543 0
60 3253 6831 2020 7640 8698 2942 4537 7230 4223 7877 720 3566 7152 6360 7579 3227 1721 8662 8687 2765 9293 4198 8172 6459 9748 8317 6999 917 3934 6651 5558 1507 6193 3919 958 3418 5251 6204 3443 8142 8110 4860 4242 1060 9562 6490 5916 707 9924 6191 8581 876 4976 1442 5008 4569 7069 8936 8565 0
3 3560 6514 0
3 4471 3850 0
53 4839 3607 2356 8640 4742 9847 117 5161 8509 5218 9128 8021 8699 8783 2422 4080 3490 3200 2178 4065 1695 7153 6174 6138 1603 4727 446 7480 4489 5870 4201 1008 8495 6486 1520 6991 301 8399 455 5648 5418 9853 4652 9896 827 4293 2227 4354 9601 5379 9362 8847 0
35 5192 9799 5222 2589 5491 3329 8915 9654 2140 4194 4409 8188 5576 6081 5279 9478 6409 4834 8746 680 8344 7798 3000 4971 1611 3563 1694 8975 1847 5432 1638 831 18 2243 0
47 5402 3826 3461 8462 3602 6119 4872 6765 952 397 3104 2790 1777 8510 6864 2407 9795 7941 5001 9998 2722 501 4440 3356 8485 1499 3999 9022 2153 2923 7720 1936 850 7363 4915 6478 2092 2617 1568 888 705 1812 8174 5973 795 8069 0
68 5860 961 5304 6843 1609 3236 8209 8370 448 3830 7406 533 8198 5205 5663 3191 5668 3544 9118 8259 9742 9657 6752 8191 6886 1098 1433 8598 8291 5097 6883 5512 5217 5355 6182 9115 2562 4222 4402 5643 6809 7639 4425 787 9978 7979 9567 3957 7457 5667 9168 2655 8201 1120 4643 2793 188 4974 5611 9261 3255 2200 9176 2737 9818 2580 4716 0
35 7020 206 5957 152 5962 2292 1166 286 6389 9333 863 5292 4423 803 9697 4899 6975 7237 815 7500 426 7593 5078 1185 6117 7969 5286 8633 7427 9129 6297 3553 4271 3218 0
2 7458 0
82 7711 113 2738 2788 8073 5858 3029 7430 6208 2881 3051 6480 578 7648 1859 3717 2246 2147 2882 5619 8446 1102 196 5715 1723 1943 319 1203 6647 9489 3774 5570 2844 8427 7107 8186 1224 5349 7538 4237 2612 3075 9170 5479 3472 2118 2371 2587 2721 6932 4457 374 6531 3548 7526 9157 3423 2630 1270 3061 6698 7155 1825 7607 4226 227 9892 6876 179 665 4055 4980 9491 8673 9096 1336 1884 3623 3656 5935 3043 0
71 7861 3281 61 741 9698 3564 9305 7114 2748 5049 1326 1843 3375 2999 9297 5887 3779 477 4404 849 6272 8617 767 7490 2478 1286 1125 7371 6443 4857 34 870 8244 7703 1262 7997 2306 4370 7080 1162 1321 932 5589 5272 2708 2557 9437 8352 2428 4245 7589 2590 598 5714 4073 9053 5958 2451 618 1128 5640 2286 7008 5741 2599 9479 4728 6596 9606 4047 0
55 8564 9544 5654 5369 5554 7927 7553 9625 6985 2566 2831 5267 9539 408 9109 3513 8159 387 9983 5061 4919 1197 4163 2501 6176 6758 3164 1761 3130 4381 9099 2648 7394 4294 2354 5255 1989 2080 49 642 7169 5946 115 6373 1260 1536 2961 26 6817 2133 1352 6763 8679 7182 0
50 9514 3988 5902 1838 7864 2828 1406 4635 8536 7102 4029 3818 9429 7256 2937 8882 81 9858 1079 7048 1330 1840 256 5389 7693 5919 7280 6873 112 6948 7502 6535 9124 1873 5542 647 511 1799 2362 4684 7959 7977 6944 1962 2322 8717 3452 5494 1300 0
64 519 2941 5299 1815 6418 5615 9137 6168 9627 7704 6206 4405 5888 633 2570 3701 9543 8970 6907 8018 2899 105 3507 5864 6379 4188 5386 7262 2990 6332 3234 425 7958 4454 1240 6131 3912 8041 7898 2991 9659 9508 536 5243 804 5219 5838 2825 1645 8873 3956 9114 4161 7018 941 2103 6046 4735 3612 7033 8 2922 7825 0
10 773 5653 7213 8208 4813 4277 988 2034 2163 0
36 1344 7524 4931 8637 8715 3838 6037 1889 1845 3110 9133 7544 2256 8794 9745 6329 4571 5122 7559 3558 9688 2258 8924 4180 9073 2067 5800 2567 3378 1870 8082 6152 9940 9975 3969 0
43 1773 661 7975 6220 6356 9353 6474 4207 8609 6243 2766 5353 5847 6460 2945 953 7564 151 934 4997 2670 4567 7871 9526 9605 324 2192 2644 1975 2824 7338 290 1916 4509 7052 3853 7047 4438 3982 8103 4295 9915 0
67 2944 726 4071 1524 9633 5054 9345 9182 4593 3439 4930 7643 380 5500 7686 3414 6222 9624 1424 4724 1436 8004 9548 6811 3223 50 5966 4822 3721 9492 6253 8671 2420 2996 2085 6022 1432 6760 8684 6354 3989 1856 5442 4391 3727 1370 7144 2193 1155 257 4 7311 2409 7388 2410 124 7492 5754 7031 5598 6419 4690 1472 2339 4715 4177 0
41 3225 7753 389 7926 9502 5810 2561 5109 6852 3034 7790 2662 9689 4581 2705 9623 7132 6890 2624 8503 7717 8983 7893 2253 7076 9493 5351 8897 910 9023 2387 295 9228 7402 3542 9816 9715 6246 6492 6919 0
58 4758 2008 6607 9402 7471 5717 8548 9595 41 3445 7732 7411 454 8784 461 8945 4270 7172 230 7857 4843 5163 4330 9113 9613 7098 453 2079 9112 4688 9440 1394 376 37 5160 7708 7832 2003 9667 4276 1910 2483 593 9498 2232 2047 8456 5680 4395 8733 9036 8922 4500 6181 7476 7600 8862 0
24 5226 4548 7359 7725 842 8765 7617 6872 8834 1141 8269 6294 1312 1562 7713 2447 6655 2960 7350 9774 4935 8155 7223 0
39 5245 9503 9768 2167 9232 4939 2534 4871 9139 9987 4698 6128 8010 1933 9355 1789 1816 9389 6988 8625 9807 860 1788 5338 378 3232 8196 6217 1106 5447 9903 5617 9290 2900 4526 4259 5307 8718 0
5 6686 5637 8031 2818 0
58 6807 6456 3276 3384 8271 7512 1170 328 5996 6718 830 2657 9282 6024 3325 9806 3370 4171 6163 9837 4470 6161 9298 9270 2796 6772 9934 1901 9258 2128 1990 456 9883 8387 9726 6874 9205 8991 8170 1331 2016 8345 3387 3081 1538 6371 5890 7915 8504 74 6766 1999 4231 2262 1842 447 6748 0
15 7581 7784 9471 7170 5960 4753 3406 3093 1164 55 8845 7445 2734 9517 0
36 7809 2155 9481 248 5574 1250 5270 80 4087 6201 1161 1822 9029 8893 4570 4890 5066 6309 4859 6823 9397 4708 3037 2503 5942 5899 5758 3719 905 1519 1420 3327 5476 7629 3097 0
57 9084 2465 4059 5300 2986 219 5727 4706 2791 2975 3603 780 2181 1465 8951 4658 5212 761 8101 8379 5514 6223 6967 8125 5344 4898 6469 3351 1266 4333 9617 2030 309 924 6637 9285 5136 5496 8247 809 4022 1374 7443 7822 9056 1104 890 7120 5429 9145 6693 9486 8134 2168 5058 8331 0
62 1040 2327 3457 7180 4885 2742 3773 2511 1010 9485 481 2425 5503 9265 4605 7812 9379 1639 1565 4981 3592 4770 5877 3186 6871 7381 4388 7321 5789 6552 7901 5702 2841 9490 2553 1687 2522 7157 4580 895 2636 4769 8299 6660 4875 7556 5632 5945 1223 4444 2681 8060 792 2550 3405 7508 6957 1958 7726 9770 5501 0
48 1097 6263 920 9207 9166 7129 9463 6875 7876 6293 2343 4072 5764 582 388 5437 5094 8326 2330 1470 7672 4135 9867 9348 7292 1604 6281 9522 2615 5739 4316 5164 8065 5016 9967 2488 2331 8012 6435 3178 7164 8826 1707 8452 8808 2203 4622 0
20 2445 9600 8903 2593 3134 9163 9863 4466 7030 1133 9369 308 7606 8166 785 5655 3264 1009 4891 0
66 3307 713 4495 1228 1384 8566 3426 7867 9401 7380 1949 6357 6589 2406 826 8444 6386 4347 7316 8505 9810 928 9110 4002 5692 9320 5998 7106 7995 8202 5327 1089 5233 407 3695 9587 9651 5941 3897 1917 7902 5688 2073 5706 4137 1238 6828 6846 5568 6177 916 1251 3649 1871 9615 4918 5401 562 4568 5489 2651 697 6750 3639 6260 0
40 5424 9187 8489 2123 271 4502 168 3462 506 2352 7438 135 674 1048 4541 1453 6141 4830 2693 1393 3669 3752 1741 5391 6566 4582 5107 7914 5464 8585 4373 3668 3834 146 3751 6207 4390 7496 2441 0
