33 6428 1377 7011 6474 7151 8820 158 9955 1821 7202 2835 9979 8832 9250 1482 984 9734 2407 1624 9641 438 9578 4216 6297 2159 6801 3838 1951 9134 7156 1022 6955 5044
38 1566 9141 2672 9695 7611 8733 2304 5896 6794 2057 4298 6747 5570 6847 7352 6651 9821 5259 4180 376 3446 4925 4471 4700 9999 6343 2988 4826 4159 8662 767 4210 7524 9934 378 6755 2075 7010
31 6975 2265 474 1035 1468 5653 2042 9625 7406 662 2403 789 1011 972 798 8722 7739 3753 6451 2564 4557 912 3056 2127 945 9245 4624 3098 3649 1697 5674
30 3155 4466 7426 4474 9236 7295 6718 5020 9909 3625 6473 878 1003 8278 8942 9295 5399 3088 7961 4399 5697 5892 6679 1628 2250 8241 8830 8891 7165 2338
25 9475 9328 3496 5898 3914 9076 3291 8954 1592 3905 3545 7091 6862 9116 9 8329 6147 7196 471 4806 1234 2784 7521 4998 277
31 701 2766 7096 4238 4091 1390 5318 6616 7866 5157 2322 4264 4293 6763 680 57 8175 6726 5541 5419 6827 1043 1379 5089 8126 7523 7730 6153 9041 8270 7775
28 6198 9111 3902 5245 9131 6635 1890 4304 6866 4950 8262 2061 4292 4021 2699 9287 8020 5048 6380 7676 4056 5288 7420 8632 3727 2514 4643 1596
30 8103 6227 2202 5185 3698 4710 706 6676 7227 4117 4831 4263 6385 4657 6454 1249 5214 4815 56 2047 1523 7357 6285 4102 7092 1646 5765 1337 852 7899
30 5832 3922 3209 9492 2396 9984 3412 7721 4730 8790 4004 7450 3336 7334 4430 8842 1409 274 9066 1 8420 2045 1757 4849 6899 8043 9030 3985 2936 5033
32 6261 929 2000 460 4408 6618 4975 190 6296 4679 2153 6085 3010 1507 9453 2889 5484 299 842 6792 454 7904 3307 11 4468 2294 2976 2571 3148 3697 6650 496
27 7674 8896 1772 2394 2569 3326 2525 7455 3608 636 8332 3853 6644 3799 3293 7848 7003 761 7098 433 8382 520 1375 3988 145 825 5107
34 1134 2698 1896 3937 2604 8282 8910 2701 8410 2613 110 3850 5311 5509 4565 7242 4417 2508 3370 9507 9427 7803 2113 5931 3395 1153 1277 9221 3729 7705 4274 4516 9724 6164
22 820 1965 6425 3333 6912 7117 5457 6328 7038 4888 8191 5817 7344 5627 7103 646 3749 9004 3559 2311 6810 2423
27 2717 962 2297 5984 5696 6073 7842 4083 6523 715 1799 3131 924 9552 2278 4623 3737 8817 3178 5762 8719 735 6943 7930 5650 265 85
31 8450 3153 90 9584 6889 919 132 3420 4640 7062 5983 6999 8611 8352 7308 947 8982 7733 247 5038 6759 490 1164 921 8951 7101 4571 7738 3668 1928 4644
27 4182 7704 1037 9095 3177 3610 2096 3821 1074 8335 4835 7962 361 7836 4843 307 3428 6803 8064 8357 1903 9691 1527 4337 5276 5513 8805
30 207 4065 1599 2713 6729 2459 1964 5117 2085 15 3858 219 5597 4047 6997 4376 1761 8124 1887 4750 5651 9711 9849 374 218 9563 8792 8986 7474 2367
28 2150 8730 9646 3139 7286 8968 7489 3785 9260 8668 7525 9300 3685 1830 9852 6376 8321 4187 5338 757 6986 5341 2072 4705 9148 5780 1738 647
32 2038 3169 7574 1704 3855 6284 5066 4001 8417 3604 1971 2725 8857 198 8149 5152 1771 623 8759 3869 6850 4787 6685 727 8772 978 6506 7726 4556 6598 1235 4087
36 9151 9888 3704 288 7219 2479 1923 5901 216 6099 9622 435 9854 2011 9855 4100 5820 6611 5378 5040 226 7141 6232 3666 2023 7254 3673 2199 9977 9576 2170 3311 4683 7322 341 4659
29 1813 9136 2557 3866 7575 5 760 8330 7672 7766 3975 6206 3963 1122 131 6302 7585 3029 3843 9298 7933 2553 1997 3450 4271 4600 6626 7978 1793
28 1434 4764 8090 8934 4249 1996 513 8876 871 7472 3290 8426 2967 6175 7385 7889 2229 1426 2750 1107 6774 1718 6838 7518 6358 1486 4674 7471
28 3883 9054 487 9751 2036 4192 3667 6409 794 7597 9973 8943 1069 4952 3303 9800 4312 1050 7500 4498 7634 2628 7998 7477 7553 8978 2267 973
32 2139 1808 726 6416 8885 6102 1855 6421 7381 7691 3243 8235 9425 8182 4736 3774 1837 9466 2576 5732 492 9387 4654 840 9896 913 2621 7902 5582 4026 8387 7540
27 7678 4049 5837 4794 6595 7724 7485 8381 6615 8993 2646 8628 3020 9824 2982 1886 303 7373 6349 8408 1183 4039 7453 8554 5747 2895 9192
28 1711 2993 3025 2069 7449 1380 4018 8421 606 1433 3130 9889 5413 9502 5689 3241 7884 7557 557 1173 4035 1480 4233 3990 8788 2067 2296 7264
28 526 2351 8125 3867 6237 4739 1998 9954 3532 1545 8358 1349 8350 8231 6024 6137 3894 4549 1845 3738 5264 3699 235 2844 1474 4561 5948 1298
36 5014 6980 8073 2195 5456 4084 4486 6902 5975 5304 8455 9655 4511 5993 1774 3175 6540 4488 4477 8051 2753 9011 4406 2307 7762 2543 1979 8427 4369 3930 9143 1967 3467 696 126 7690
28 5254 7136 306 9925 5555 8234 2375 4550 7651 7387 2780 428 7860 8094 9923 669 3073 7999 2319 847 4863 5328 6 8081 2306 8589 4097 9481
26 5482 8394 7173 676 4195 7773 5439 5578 6918 7432 1650 8436 9712 9312 7564 3301 5248 9046 4499 7444 7892 2978 192 8731 3366 9768
34 9053 2417 9890 2156 1348 6640 9685 3396 7845 555 851 1368 8398 1986 4410 522 7171 2387 8867 5236 7628 5335 8809 9479 1857 7342 7616 8660 4913 9398 3474 7966 8964 8385
31 2234 4904 2849 9282 8128 4765 8431 8471 4323 5218 2960 9562 2426 3839 3795 1147 8963 1498 2540 2225 2475 1073 8491 2602 5607 8965 9032 617 9003 1653 9969
24 577 8468 9227 1675 9612 6869 5883 8737 7111 2055 359 3246 9334 6223 5672 3761 3712 8940 4961 1629 8596 7965 6898 3748
30 8172 482 7871 350 2013 5313 6580 7719 4315 9851 5523 6820 6378 3449 6996 4598 3437 3512 4470 8271 1273 6034 8280 8449 9301 3842 4695 3645 4256 3232
30 2922 9850 915 5483 1600 5251 2129 5556 8005 5028 6225 7000 855 4748 1146 4276 5546 955 2173 5103 3217 3282 8612 6536 699 3424 6761 1361 677 6806
30 4611 8315 2241 5740 2244 663 768 9356 2136 3439 5704 4542 5964 9222 5894 1103 9177 7853 3599 6204 255 9567 5605 6571 9102 8456 2454 7094 8077 9873
33 9601 3562 275 3656 9304 3682 2350 9123 4715 1239 7488 8673 5090 1872 1889 2743 3700 2617 5270 6492 3319 1286 9521 6290 8433 2962 486 5809 2779 3168 8236 8187 2149
27 45 3875 1204 3104 9336 7650 8791 6652 1549 7815 7007 9736 6438 4106 2806 3263 3852 8419 9199 5363 6583 4366 6688 9347 3120 7839 2494
30 3060 5595 7380 7689 3064 4126 593 4903 7751 2435 6364 9087 7983 8605 5808 3287 3567 6180 985 1338 6505 8098 6031 5753 5386 390 5635 8360 4791 5273
25 3766 6578 1442 2906 3722 9394 8897 2728 2511 2547 9993 2548 6456 5219 8901 4637 4109 1272 2521 1902 1479 7923 8376 3101 2134
33 8346 8546 804 994 8624 2506 5598 221 319 8553 9808 8483 373 7305 7776 6672 5083 1796 7696 9232 618 6526 3142 3475 8806 3947 8146 4479 5491 769 8539 2157 5666
29 1826 7179 766 1113 9884 4834 9915 236 4015 2541 1007 5781 7824 9228 1308 4139 6617 2270 4389 4086 6035 7211 4569 2883 5527 731 2959 2031 4364
25 6507 3384 4805 5938 5112 9150 6816 8256 5900 4497 2705 2463 2761 7831 8168 8614 5415 8230 1332 5824 8179 7052 7152 6404 4875
27 187 4922 9166 3302 4123 7679 466 4724 9634 6183 7188 4869 5766 5848 2500 8348 8688 7881 488 7659 9881 6713 2510 6068 1727 1268 7502
27 7277 7545 3911 8227 5826 7715 7022 9803 4044 5059 1915 2066 4343 1504 8373 9169 8866 1823 1251 1570 8388 7799 9759 3451 5375 1323 411
34 2368 3491 5524 8586 9627 3536 6262 7974 3854 2433 4575 3176 2931 872 9750 4823 1489 2724 585 8276 7994 6725 3408 2997 5630 2002 8998 9608 4287 7121 4981 2143 9330 1635
27 9543 9498 2715 5436 8046 5693 572 1944 5769 8689 6263 9281 2651 2520 9996 3978 6628 7168 9897 118 506 441 6832 3993 9615 2481 1185
33 835 6885 558 1539 128 4 721 4096 6036 2908 7680 9436 6138 521 1709 3435 6338 2287 999 7829 5655 2726 3916 5421 6700 542 6751 485 3459 9900 7817 2901 3048
31 1959 2822 6042 8502 3551 7694 9804 3620 8549 8594 4116 6361 6874 3984 9153 9035 9704 916 1838 1068 6466 4860 7956 5902 6848 6799 1685 3936 9358 3059 2155
37 3117 724 1364 1768 8464 2353 6005 5949 3225 9315 9936 1127 6550 3304 9363 9368 2355 2923 5913 6129 5716 9326 5662 7630 3325 1265 246 9663 1019 5190 1331 2865 9074 4411 2448 7537 5269
28 6440 7138 7914 7229 7894 9735 357 930 266 5322 8159 7549 559 4883 3814 8461 7231 72 6064 6645 8863 3577 4108 4984 2444 4540 3555 1199
23 1666 2830 7793 4807 1860 6410 3346 8001 4500 9983 7056 9448 4902 211 3714 8656 8136 7520 566 4872 6821 2249 9577
30 3425 5354 6600 665 7084 5574 1133 3783 2745 3520 8349 1193 5142 3379 9964 8591 7001 9002 1726 6629 5295 6853 9846 3189 3655 8955 1518 8559 9841 1651
36 4119 6956 9104 7636 9636 7543 1220 2801 3090 5911 7693 4289 7536 5647 9651 4081 4448 917 1571 3571 7350 5708 7959 7814 885 5088 6355 7461 7220 754 1279 12 6762 7593 6663 4789
28 8078 8698 3972 4480 7249 2346 9583 8848 1676 6233 5440 584 3849 5114 2419 3359 424 7070 6558 366 1731 3163 5946 8002 7089 845 2587 7649
29 8725 7781 6754 2 3811 949 8050 1245 4672 2477 576 7190 5222 4443 9072 239 8796 4756 4129 9647 9985 7749 9775 1843 7139 2732 6673 4254 3531
25 2734 9189 1247 1036 3762 7992 7891 1707 290 7036 9809 710 7146 4080 5899 4991 7797 5735 5380 894 2398 9164 3062 1399 8799
32 5835 2191 9248 5608 2550 4088 5197 5298 4250 3573 3997 7768 4193 4055 8067 6287 4168 2826 7076 2390 231 4656 9534 7624 8208 2366 3206 2115 426 587 1638 9556
34 6430 3592 5919 4980 23 8654 5965 7516 1608 4655 8462 7349 4145 3487 9375 1085 9118 99 981 1161 8804 7783 549 864 6984 6196 6592 5992 4403 932 517 5398 7568 5723
35 9670 8854 8033 9180 8595 4057 26 1745 2914 3881 9864 9055 8442 7356 4325 8499 7345 2502 4161 2704 9359 6698 4525 6724 9530 348 9319 8508 9036 2896 1728 4947 1739 4063 8694
31 1179 78 9443 2005 9559 3992 6658 975 9975 8904 6472 3277 7237 8989 2560 5356 9794 2411 4191 3125 5431 8524 6880 8748 6782 6577 8164 5618 8132 9827 9604
33 2995 4322 7256 1512 552 2263 1835 5333 4587 7777 1784 1657 6944 5763 4489 7443 3806 6741 7615 2187 3113 7027 6682 3357 3617 6477 6981 1580 8695 6532 1079 2532 3818
27 3016 3827 9447 8971 3907 6267 7054 6919 2071 1096 1825 334 6298 1314 7271 407 1848 2029 6314 7627 5243 7128 4631 4680 3024 3913 9932
26 3353 934 6891 498 3903 7482 7061 6752 3489 2415 1259 7753 2935 6429 8762 2975 8367 2596 7 9503 7517 6181 7951 5432 4923 7341
33 4467 1386 2996 6857 8547 1080 6348 2468 9665 939 4048 8042 5508 70 7531 3314 6601 8378 9196 5422 9473 4725 1755 4709 2190 4409 826 344 1798 8916 7294 1551 7272
33 7590 666 9814 528 16 7161 1217 1229 2232 4134 8723 3794 1423 4856 881 5291 8939 2977 8384 533 5095 6315 2754 8608 5061 3338 8888 1497 2618 8918 936 6830 4871
28 7937 8644 89 2140 3391 7667 3703 3203 2538 5192 4582 249 1029 6706 2466 887 762 6195 5625 1478 8342 737 3940 5559 3653 3664 3472 6491
26 4768 553 8566 4777 3347 589 5863 7392 8004 902 8289 8055 3606 6646 1052 9513 2929 2665 201 9399 2392 5819 4138 8272 8412 5836
27 5262 3775 9820 4650 684 5857 2562 2320 1309 8976 4295 8639 5477 1469 8310 1006 4211 9275 3626 7897 2638 8708 9423 7764 2456 6647 4916
27 7080 5130 9951 4386 9721 4278 9272 5223 1882 5183 8573 7423 71 9068 3026 4434 3204 5640 742 5221 9661 7717 6916 6074 4548 2957 697
36 1577 811 1756 1465 1562 2218 795 1131 7748 4247 6344 2083 8760 9815 3986 2857 1126 2369 7212 2130 1341 5212 4133 6777 3915 7140 3578 5286 3426 7306 1449 497 3072 8774 9431 4188
33 2098 4616 846 2330 7244 170 6283 2137 4553 3427 6606 2799 6357 3273 7830 8536 4583 7288 6060 9763 5191 3213 2181 7285 104 2180 7657 3994 892 2041 4422 9410 2480
27 7782 993 1805 3268 6677 8266 5229 5706 9585 9182 9949 6697 2120 3488 729 8283 3253 244 4886 5623 5437 1811 6920 7731 3349 8879 9138
32 8709 5383 7494 34 9806 6790 8063 9933 1985 7668 3741 1194 6559 7468 7955 6252 4612 782 7882 2757 645 3109 3255 9926 7182 6465 4326 4360 1288 7885 655 9982
26 3511 8710 3679 6936 6995 2609 9675 4931 1516 5803 709 9367 6624 2692 4865 5617 9017 1970 8301 7469 7480 5275 6495 5926 8743 6017
29 6603 1492 5334 5669 5585 1282 200 7009 3456 1879 1353 9197 101 8023 631 1649 4013 267 5316 5709 195 9291 5536 3197 9987 1105 3956 2493 4977
26 1415 736 2963 4718 3091 8239 6971 3780 4527 9093 6609 4401 1972 8338 1416 449 8196 8827 1078 4427 5792 8823 6008 3083 503 1627
34 4960 1833 6154 6250 2037 3442 3283 6292 5079 2679 4370 7847 2052 7554 5852 5024 3778 831 2581 7932 4924 6247 8048 1090 9132 4121 5039 640 1958 6041 2501 8893 6960 1911
29 9106 7613 9992 9251 8204 6767 1593 7379 2738 6236 8040 3144 301 7838 1701 3108 5013 4596 6058 7067 4932 9684 4971 7339 2953 7683 1975 8402 7063
33 152 8447 5917 3598 4717 5128 5680 2279 792 2644 7916 3078 4178 7213 189 1458 9666 3067 4780 2598 7507 6886 1155 7987 732 5337 9020 2308 8959 7029 2431 3444 7207
28 5959 1938 4996 7790 7203 7299 499 465 8150 4732 9007 7663 965 9716 1457 4693 9653 6957 5626 9369 6659 7106 3979 501 9293 9094 4419 8311
32 6190 5326 9942 6890 8356 6475 9428 5022 7441 2744 6630 2735 3191 1444 2833 6508 9207 8990 3499 1789 801 3473 5087 151 7686 9210 1017 8803 5526 6397 1313 9558
26 6340 8543 7458 4529 4983 174 6764 468 4032 9793 986 7893 4727 9262 2839 9730 495 4982 2880 7736 9305 4927 6447 1369 3957 4747
29 6812 9594 4632 4067 3324 9079 9956 7728 1238 134 1299 2310 2947 1233 8008 8752 5426 8713 1117 4742 5078 2742 6825 1202 4267 2927 4197 2786 6942
30 6845 7539 328 2855 3383 3044 2570 2966 8634 4377 2281 1610 4726 203 5584 5404 4428 9233 8675 1114 5199 9509 463 4464 2081 8209 983 8776 9544 6575
24 9168 9246 6671 8523 3987 4046 1969 3513 9289 8222 6728 4551 2216 9070 9626 7262 7535 7145 897 2884 5702 4367 7903 124
28 1785 3187 4523 7297 5564 2252 9621 3266 6990 4251 5277 1226 1206 2842 6951 6836 9547 9283 2290 4836 7083 1356 5364 6239 6784 1263 869 6627
33 5266 2863 6950 3265 5613 5134 9669 5968 5654 3917 8718 3158 8211 6860 9857 5282 4658 8115 3893 2973 4633 5800 169 6786 9525 588 4847 3945 7434 5232 2523 5284 6614
25 691 8961 4481 4151 605 4703 1904 5875 4306 2763 8616 6352 8345 7077 1401 5202 2283 6965 3397 9108 3352 105 4735 8744 98
26 681 9764 7042 4006 3696 375 6727 3745 6740 6268 7939 322 8371 604 9047 2174 9480 2208 668 7734 4450 8979 5256 1255 8216 1177
28 1048 3681 6402 8053 4867 2138 2499 1555 2373 8214 2946 6174 153 8996 5205 3193 8459 4269 1026 8361 4155 5515 8100 6002 3734 7861 6524 5987
30 2440 9014 4501 6493 6983 629 6242 3479 9880 5301 3481 1269 6586 1867 2825 2685 2632 3441 2251 2034 5642 2899 9083 7303 708 1328 6040 8218 7246 2783
30 5876 333 9145 9440 4878 3460 6509 8083 2775 163 6817 8506 7105 4652 9173 5327 7771 92 2014 3514 6170 1033 4023 5194 2240 4324 6022 621 7900 202
32 1717 7511 8870 5349 1421 1795 2018 9961 9485 5376 6162 6711 4857 5501 4002 2657 1856 1894 2324 8370 6712 6307 3445 5745 7302 142 8169 809 6932 6513 371 3642
26 5500 7708 3361 479 273 1644 3332 6299 2027 2937 59 4375 1034 2577 9588 9297 1858 272 3933 2347 6636 7602 7544 7319 1184 9343
32 6392 8590 9257 5136 1670 144 1124 1794 1750 8572 9310 9451 9376 8652 9690 6893 5347 2314 8254 3129 8837 1591 5111 9331 2588 4176 5445 2282 2667 4793 7178 7936
28 327 839 656 1417 3851 1674 883 1098 3110 1524 3819 1483 8334 1517 8975 8269 6336 1246 8457 5165 3270 9744 9433 3239 7791 65 3589 6730
29 4753 4303 6046 8130 2293 9073 3557 8697 6554 7800 8642 1307 8391 529 7300 5840 2077 3605 386 5154 6270 4859 8633 7618 8018 8061 4352 3530 2504
29 5046 773 2524 5914 6655 3844 309 4795 8488 4348 5403 7336 4945 8907 1303 8341 5786 5746 6512 1652 9656 6080 5305 9572 3141 8343 4811 7805 1648
27 5634 7855 4260 5973 6778 8717 5566 5226 2633 7408 8111 5568 413 2370 2416 4294 5842 3886 4893 6487 5034 7565 2824 6828 5543 1106 233
28 7828 5492 5516 2573 8237 9391 9504 6341 3192 4641 1000 1172 7247 7948 5594 7129 8233 1940 9357 5743 3497 9377 6548 3948 1834 8658 4956 6090
24 7851 8207 6879 434 6844 73 9235 5512 409 525 997 6486 3461 9876 3250 2492 500 562 5339 6420 3996 3173 9847 4014
25 9058 7642 3929 7358 3950 791 9752 33 3234 4941 954 8255 2114 4277 4814 4164 4911 9269 122 6605 1922 6840 3752 3710 8816
34 9435 9662 5041 4909 5263 2168 1257 3300 117 5406 1620 2175 6185 5169 4147 1933 5118 4918 418 9553 7635 7398 7160 7226 6194 1501 6053 3547 1655 2123 7608 6179 9882 4361
26 295 3235 1192 8445 7158 1542 9477 2853 8469 1849 2062 6098 3251 6365 4378 9981 241 1087 4308 6316 9348 3998 9579 8105 2016 212
30 570 2517 3899 3921 9836 9629 4566 8423 7163 5189 7802 7282 9434 4743 2424 5622 7437 17 3621 1561 7193 4755 6489 828 8779 1626 5734 5361 3870 6051
24 3873 8383 1807 2135 610 8746 8873 7374 7875 6582 5428 5761 3344 903 635 8242 1231 2641 7895 1716 5864 6654 4512 3554
29 4071 7918 8833 1123 3348 7541 3086 1694 2382 1829 6414 5565 5790 2695 297 6946 3419 9341 4810 1110 8852 5091 1209 8712 6667 491 7004 7850 7820
28 8232 1846 4390 8080 5237 1961 3001 7046 5700 9254 1104 2020 2465 5135 7491 8882 2326 4482 7563 8161 9142 4939 7600 3483 8203 6783 5216 1508
27 8407 687 3471 9787 4560 813 4874 5071 5366 1045 564 3923 4829 1494 4177 7514 2792 1748 827 2356 296 4979 8306 9679 3161 5991 592
29 395 6791 9200 6756 627 1165 3619 9327 7661 5659 5096 353 9179 6082 5833 2010 4335 3961 5393 1252 3466 1463 5888 8229 8032 6360 556 5365 2611
29 660 7418 8121 416 6168 7864 7367 4639 740 5348 365 3182 7483 3648 323 8677 7267 39 2354 9060 2949 1057 4321 3751 8485 4490 6921 1875 2980
30 1579 7175 3833 7394 9797 3410 7147 7467 8476 7670 5412 1557 8721 6010 5104 2445 5340 8199 4429 1388 3691 9652 7252 4255 4593 399 6818 1010 8945 7187
28 4078 9692 3027 4217 2201 5499 9238 3711 1242 9689 3094 6915 895 2125 1169 7365 4016 1335 3924 6066 5358 6579 2383 6248 9698 6823 7697 4915
29 7324 5476 4436 879 9678 9898 927 83 6813 8855 8538 8066 4420 1170 4368 6895 8732 7515 5076 7476 176 4198 9306 10 4681 196 4585 5561 1766
28 7633 280 1365 2876 7323 4175 8992 3079 8478 9990 1679 6666 5397 6171 9728 4132 9261 6134 4570 4299 8973 6736 6549 4484 8647 859 8582 2630
29 9581 8607 3533 271 4034 6753 9242 8756 3103 9994 5490 3484 3846 1459 345 6457 3096 5730 3890 4404 9758 4837 622 1714 2691 6533 2291 7422 3767
29 2209 3247 5206 6150 9241 682 5228 6369 3882 8036 5802 1132 7784 995 6191 1280 8142 3942 2185 1918 7143 4359 6071 2875 3713 9962 2329 3468 1154
28 2711 5815 4200 6049 1898 8263 8645 358 3254 8988 3298 5497 4578 4351 8223 3677 5447 9077 3824 2131 5866 3572 2566 1254 7386 287 8307 9784
33 2820 4189 5583 544 6030 3764 7383 6985 5925 6979 5168 6567 8603 392 5309 1920 4423 1094 6692 2631 4143 4604 2473 5891 9114 5814 2438 9146 5017 8810 480 1150 2507
29 5798 286 8969 5668 1024 5726 81 7259 2748 3715 7765 1688 300 4136 799 643 7044 1832 4509 5495 342 3809 2471 3542 3157 2712 7435 5736 2681
29 6613 3145 5944 3579 8936 9322 7016 771 8620 4885 363 532 3035 9309 4288 278 9893 6249 3600 8785 3862 2421 7048 6833 2093 2189 1672 2215 7348
28 7148 4494 7946 7235 8513 6258 7279 3612 9115 3019 9795 2233 9593 140 909 4160 7556 1616 1581 483 6589 9746 8881 6273 8510 7457 7856 6061
35 2635 493 1999 5062 2163 5967 477 4400 5308 2555 5990 62 8754 9781 1189 2656 5122 6998 494 4094 2327 2485 7210 5468 2192 8767 4675 9259 9569 9978 3015 2819 951 7926 7460
33 3183 8946 9031 4766 8592 540 5182 7180 4302 141 1304 8794 4460 4435 9127 7560 6386 9672 920 7834 9749 6131 1982 5922 1686 3493 4416 5173 5110 2105 2516 4708 1868
32 3387 1753 625 9940 4957 4677 1854 5138 5396 7660 5343 4095 546 8844 3199 1553 8787 3657 3639 9021 905 807 1159 4007 6047 6158 3309 1874 8068 7938 9918 7417
25 3815 1893 1139 2352 2920 8581 3675 6914 686 5611 6182 6433 2872 2951 6104 7208 5271 1200 8676 6101 1538 2248 4995 575 8470
33 4506 5371 3075 7720 9743 7253 8324 2049 6464 5619 2637 7960 6163 7610 452 3490 2124 1261 8489 4027 7236 4162 7943 772 8600 8430 5225 5764 509 8244 9869 4714 969
29 5370 6683 7922 4156 5058 4350 4444 4483 790 4284 5080 1467 1662 9252 8610 7221 5957 5139 3296 9638 9972 1447 8045 8845 891 8953 9829 6737 7534
23 6423 1271 4543 4311 229 7144 4093 9546 5739 5838 594 6510 9845 7058 4328 1625 2580 7017 3521 6501 9878 2925 6441
25 6570 1925 6482 3367 7149 5596 7316 6553 5235 7816 7370 1744 664 4280 3891 1743 3394 1357 5872 1978 9557 6503 4237 5851 8909
26 8786 3316 4455 2815 1138 2410 2950 1777 9921 527 237 4090 1905 48 2979 2111 3615 1803 7403 7250 6241 4850 7788 7362 5681 6014
28 8948 9868 8678 9699 1631 4252 7412 4395 9853 2707 4638 4774 6115 7005 5230 758 3895 7217 599 3900 7547 4626 3523 3084 6745 9542 9152 1690
24 8995 8152 6294 7867 7065 8076 2624 8238 4243 8562 4179 7310 2309 5554 4663 5722 6109 1208 6602 8777 9535 5021 9403 5921
29 9159 534 5127 6351 4314 1076 7944 8322 4684 8808 2389 3360 3622 264 4538 3650 3013 9717 1741 5799 3787 9819 8219 7050 4517 1027 6264 6587 7049
28 9215 7569 8170 8120 6117 5910 952 1373 74 5146 5355 8912 2078 8413 865 8248 3759 178 9564 3790 8735 9449 7073 3841 4936 3274 9767 4978
26 9822 1472 9288 182 502 1983 5860 7359 6212 5159 1883 4691 7037 7400 5438 6878 5943 8519 2022 9807 1513 3593 8127 1812 5678 2623
30 156 5454 6130 9392 6638 1573 8568 5529 3322 3954 2519 8012 7981 8215 1244 9135 8446 6846 2821 2488 535 9226 6852 8690 2328 9099 9071 7194 5915 7021
33 2870 9997 1641 7606 5952 3919 2841 1264 6255 2840 9939 565 6715 9012 6192 8761 6544 1783 7378 1013 3539 2650 8795 579 7905 4012 8174 2393 9788 1937 5548 8585 2217
26 3440 8561 5008 227 1590 7116 5307 8328 7401 9526 1163 9628 9464 8137 4421 6940 7410 8259 1582 3861 5776 2177 7970 8574 4345 2288
27 8579 1407 1560 8530 9549 8293 1004 8154 1431 1708 9952 3284 3812 3801 7069 3971 148 8059 1953 8716 9667 7478 1446 9383 9968 3305 5193
30 1764 1125 3878 5721 7335 5751 837 6379 3205 6535 4062 7039 1436 8512 3061 9390 7546 2425 2299 7189 2625 9783 6219 3002 9637 9524 7280 6496 4605 8696
31 2182 3417 5867 6703 9006 3362 9110 8824 8482 1223 7112 3896 9264 8401 2231 7273 4202 9518 763 2172 5858 3413 3230 4000 316 1546 2046 8117 7261 9015 3708
27 2584 750 8143 3951 1429 4248 6411 7513 996 5302 1792 9917 9575 9092 4074 3132 700 2226 8313 2112 6144 9623 4999 3214 9748 4354 8114
27 4891 8453 7337 7329 7309 1049 6746 3430 2179 4864 8089 4316 5162 3377 4779 234 802 4610 4541 1732 6394 3509 1274 9686 2907 4685 4347
24 7735 8386 9378 4697 9097 53 4069 9660 3637 8813 5063 6026 7172 6400 8947 4253 1018 607 5538 5950 8374 4963 283 3595
36 7849 2586 2652 5147 9740 2418 9224 2747 6966 308 6218 670 2955 2909 560 5417 6721 4943 7258 7099 4424 4113 1088 355 1619 8198 6894 3053 9013 1974 4993 2776 7789 5489 6561 1289
29 8267 7395 7496 450 8273 4573 6826 9648 9883 6033 7082 5834 9370 4617 6502 7758 2110 5692 5043 268 3077 469 4908 3527 2275 2273 3901 6969 2406
30 9155 9756 3643 4279 7442 82 8663 515 3238 185 2289 5382 6648 8390 5067 6653 222 9465 5362 4022 8451 7287 4905 6709 31 9927 1473 2585 966 5486
25 9488 8504 2332 108 8890 4622 1441 3114 3803 5121 1389 2495 2645 2204 8707 9671 4649 6095 2317 7658 7505 6366 7804 9161 9163
26 9861 6931 4169 4415 2873 5323 8249 7419 3494 5579 1452 7859 5652 8028 8116 3329 6939 8839 3550 3793 2461 8922 1347 7741 9018 9837
27 13 5939 1021 7481 3295 4628 1236 4053 6779 5010 4194 313 4140 9412 9769 628 1664 1606 14 1403 613 481 6019 8302 1762 1327 2661
31 719 4574 2795 1491 429 4219 5360 956 1541 1839 161 4101 6434 1490 4713 9823 9276 716 4738 444 1656 2164 5563 9206 7445 7197 6769 5685 2380 4594 7414
29 1572 5801 1339 6151 9128 2147 4636 5796 9762 689 8680 1039 5292 1097 9217 1145 5752 6518 6110 6020 9396 9938 8474 8763 5101 6222 2268 2530 9527
23 5030 3505 2777 2535 5744 4313 5390 685 7268 4591 1934 4825 5839 5737 8684 5179 4203 206 9948 9082 5907 1533 711
23 5535 8977 9130 1776 2126 2106 9223 4478 7304 3825 6941 9290 2658 6039 6604 7530 6723 2612 5402 2703 9452 8240 1990
30 6096 9718 6497 9747 7929 3763 9273 6027 7375 1151 4025 6675 8493 5906 1564 6367 673 7088 9424 5242 9144 5893 6342 6139 6260 6308 4590 6029 8583 4625
24 6197 9688 4397 9366 968 8261 2339 1865 7369 6230 8974 9654 2033 6345 7587 1536 8333 1296 9062 9905 6305 3138 9349 4576
33 8980 7343 7475 3501 6961 9190 7625 5086 1681 1412 5850 4205 2303 8894 6460 5289 7404 6114 1598 4614 4043 967 162 6733 3022 2374 6209 2427 8535 77 990 9388 4418
26 9211 8205 5156 780 504 1300 209 4647 2986 2080 6993 4218 1418 7276 6483 7499 3376 5778 1116 2579 18 6103 2376 860 937 511
24 102 2086 8286 8906 5416 1203 7598 5084 3887 2654 5514 4127 6368 4199 4258 9674 8587 7133 3768 2729 3663 8225 2634 3386
30 389 42 8097 8183 3278 785 9989 3281 9267 9308 2558 4898 2924 3631 3134 6684 2800 7033 7124 8336 370 9265 9472 898 4746 5725 2915 561 2956 9510
28 816 330 1410 8250 3272 2409 5105 8318 2887 6849 8659 7989 1188 4207 9140 263 7823 8379 4285 3358 3469 4912 8742 37 8749 7223 4832 5738
25 1788 5966 2933 8540 8651 2673 5862 4520 3286 6693 5909 1552 9681 2256 8764 4752 8016 2676 7034 5011 2483 4688 1295 5551 1363
27 2198 7397 7230 9937 9831 9599 3558 3185 5023 6927 683 922 3389 9469 3085 4054 1710 1075 4554 1324 8354 4848 7228 1404 2902 3038 7907
27 2414 6785 1066 4937 4144 1604 3836 8365 1836 4457 6188 4519 9249 7532 9325 6714 8210 100 3967 988 2669 661 5665 9277 3588 448 2528
30 3181 7695 9522 3331 1715 784 4969 9186 7745 6824 4997 3743 5963 1214 109 3269 1706 1840 1216 5099 1949 1455 3739 7486 1378 843 2881 5591 3218 6596
31 3198 4568 7979 2755 7109 5705 8176 8970 7464 5353 2142 4579 8258 886 7355 8106 8015 6450 2237 4800 2118 4618 9234 6467 5558 7713 6059 9045 4698 7772 8351
30 3482 3339 9408 2664 7177 970 6452 3429 6690 7275 8552 1988 1044 918 6904 8087 6689 9016 8674 3976 3965 6834 7665 5785 7619 5813 5593 2357 3719 9354
30 4974 4796 6888 6928 8829 3186 5916 1411 9658 5969 8655 1435 9862 9458 8864 4340 2697 595 3718 2259 5853 7504 1605 6903 7501 7601 1281 578 2561 519
28 5604 3782 4066 8781 2395 3755 5368 1730 5749 8213 1723 3415 3983 2593 6494 9174 8537 4719 6949 6165 1528 5319 5660 6415 3406 6320 5562 2103
28 7318 1568 2228 6211 4183 2622 679 8741 4031 734 5055 4019 7388 4226 1535 2193 7700 3068 1955 9801 4154 786 9541 9631 3909 2848 7002 3810
32 7662 4662 6245 3005 5461 2767 1430 2782 177 8528 4413 7761 4687 2998 143 8807 5978 3837 6387 6695 8331 7710 7640 7874 7920 2363 9342 3943 9517 172 3403 2894
26 8544 377 1712 5534 4355 3647 7390 3784 5238 8296 9739 2790 6418 1537 524 97 9834 3726 8079 7714 7154 9805 9828 2487 224 4184
30 9446 554 5537 2003 9175 5460 9761 8991 3587 4545 3215 391 2040 9414 7623 5956 6851 5614 3569 6525 2958 7266 4222 2626 8567 573 7008 2969 7399 6479
23 9988 5503 6815 8281 3480 1897 5687 3315 5352 5427 7757 2798 5287 6964 9614 6383 9550 7465 2302 6076 8515 5729 3285
26 2563 7402 9811 4309 743 5045 1671 7409 8623 5441 3034 2348 9344 8031 9209 8571 1432 8065 2597 3351 8197 8880 8070 8298 1484 5208
29 3236 626 8740 5129 1505 4784 7572 1487 8022 848 4792 5547 8047 8899 2404 6696 9617 183 3805 2321 3973 4770 8580 317 1061 415 4895 2119 4275
27 3288 4754 3618 3373 2401 1994 3151 7561 6800 3507 781 6143 3220 4332 1496 8999 325 508 9009 5715 7857 4042 7508 340 2968 3529 4712
30 7320 9742 698 8052 3036 1283 8957 6978 6210 310 9497 2262 1294 30 4149 1495 4648 285 3372 8822 5203 3200 8905 2162 7376 2261 6798 3633 2952 9802
28 7584 601 1425 8399 1140 3518 8162 9258 908 4828 2242 2536 106 6547 4785 7503 7072 7953 9830 6802 440 6476 7832 3624 5016 5285 8062 4690
29 7883 3632 2916 7552 8193 3318 8865 9456 4692 1121 7078 6276 5068 911 3543 2171 2372 8773 2702 347 2361 7311 714 7617 4954 3008 5930 7270 6632
21 8044 4671 2793 5903 6463 338 8711 2591 9818 5329 7059 1618 2551 8926 4934 1910 8729 464 6717 637 6546
28 8404 436 7787 2693 6177 4307 5496 4559 7522 3515 6449 5200 4749 7298 2981 1070 9683 7181 538 4405 315 7594 1669 1108 3614 4841 9555 6588
32 9858 68 4214 8584 4942 5433 9461 2194 425 9885 9220 5297 7863 8437 115 1936 4230 1927 2945 1781 8119 2723 976 5871 5807 1984 9167 7354 2095 4973 8037 7718
26 1752 1779 6374 9708 738 6566 1340 2266 4174 8206 7415 7407 2852 382 9609 9598 608 658 6370 8326 3586 6335 547 2985 6173 9895
30 2636 6319 3781 2768 2677 703 5424 5274 2961 2183 2097 5951 6590 5974 4045 9091 6837 2108 5958 7433 7372 1987 3977 5686 9924 8516 7843 119 6217 7559
28 3171 8400 9120 6657 7957 690 7278 3100 980 5369 9442 8325 199 5818 4425 3152 8720 1931 1729 9493 7274 8163 2856 2079 8112 641 282 6625
27 3831 7216 7752 850 1907 8924 7915 5253 7703 8466 3330 4992 5073 4776 7909 5825 705 4330 9333 8252 1112 889 8522 6327 9613 4037 8392
29 4172 2851 2146 2496 2526 3275 5446 7835 1092 1526 1742 8775 9935 8190 3927 1780 3222 2941 1400 2277 712 823 6251 7858 5430 5712 9782 6480 6422
30 6599 1769 5532 1186 6155 8625 2940 5244 5400 8615 4788 3804 4642 356 9870 4130 6948 9381 751 4072 1511 2886 3414 7548 9603 8542 4666 4840 6952 9346
32 6933 7313 5325 3128 5069 702 9606 8726 6446 5772 8874 3683 8253 5332 2686 339 7493 3646 3343 5806 3162 8856 5143 3676 8739 6887 8637 9586 2911 3931 3540 1993
31 9413 9194 9243 5771 667 3524 8714 5671 2642 1306 9317 5474 6705 3058 2276 6735 6044 2534 4317 633 9706 3012 1476 5414 7263 9364 7583 4646 9001 3404 5988
26 445 8952 1275 5612 220 4514 4273 8518 5821 6097 5314 6318 9043 1451 64 7964 9294 748 8557 3087 7666 2537 8895 6881 6639 4331
30 1109 9887 2365 6871 2399 4976 2236 456 7347 1354 2280 1724 3095 7104 1721 6399 2837 5646 2219 3043 4451 9386 5933 6391 114 3687 8409 1634 2810 7162
29 2603 3636 7427 4661 1556 276 5520 2868 1888 4003 6256 8245 5405 7150 3054 3672 4946 6443 6691 8452 2196 1912 8838 3237 5937 8290 4339 2007 3952
26 2847 8166 5247 2239 5783 320 8264 9415 1680 9839 3310 7340 2675 3609 4851 7750 5631 5750 8403 7057 9176 8902 7604 6901 4775 9212
33 3216 7984 61 3350 7890 5658 9467 4621 6744 5312 7142 9339 615 7284 6238 1948 6063 5027 3463 6353 7808 8054 6132 8173 6926 3946 8846 2718 1820 1270 5897 5410 8009
24 3877 5865 2746 184 6274 4229 257 4564 223 3464 1135 1063 3939 8041 1101 8086 6458 9048 9722 459 9069 3959 5970 2084
31 4052 8406 9913 3476 1059 8751 9773 6731 2770 4385 2009 4440 3695 6772 367 6991 6306 884 8429 9195 935 4558 293 5025 783 4584 3421 7371 3918 9404 9770
30 4398 6062 4769 9640 4393 2391 7201 4465 1290 7935 642 5768 9280 6272 8650 1866 9757 834 9779 9171 3115 1663 7954 6517 3478 7868 6573 2467 6149 5453
32 5465 2335 2858 9520 43 6309 9350 7709 4833 1182 2188 2397 6811 475 8221 5081 1973 7428 9944 7821 4668 1065 4772 8393 651 253 9778 5161 5374 1559 5877 9799
29 6229 7487 810 1175 6485 7361 1802 597 360 6707 3705 5006 7200 5590 9471 7064 8868 8930 5576 8157 2117 5342 2721 5466 9904 4890 4586 4135 6787
26 7006 3640 5423 3949 8679 484 1427 9545 6354 4873 1962 1413 5648 3184 2402 7825 9105 7913 4729 3224 121 7100 6929 5918 4502 1778
26 7760 8432 3746 9397 4858 7872 5861 569 7925 4028 6674 4599 863 5540 4838 5150 3244 7325 7669 8308 2197 1396 5280 451 8443 3006
26 8141 1587 1130 1330 2965 9974 9856 5188 1485 5070 1585 8448 8661 1392 5880 2453 6054 3000 4029 3526 1372 5158 4762 788 1367 3634
36 9049 1824 9957 1531 9930 2756 9382 6822 2058 8494 8638 7876 7484 7195 5281 1321 9185 4761 8288 4522 302 7333 4786 4711 2932 6122 4462 2284 8188 8192 1333 4346 5844 8353 764 5211
22 1660 446 5895 9777 1160 3195 7580 9910 6213 1144 6591 5731 6884 9928 2073 4283 6560 4798 624 8928 2400 2804
32 2381 3693 1205 1558 147 7239 6994 2064 3508 3797 2122 6809 9694 3502 3063 3525 4845 775 5810 4070 9266 4670 4206 1703 1782 7754 1374 4615 8165 4962 3808 4131
26 2446 3423 2091 1831 2482 6278 2771 8460 9737 3548 7429 2546 3137 7737 3596 8304 4861 6373 4563 4426 3045 7644 7770 3652 6498 5823
26 2607 6265 4239 2144 8727 3871 7629 5793 8347 4215 5075 5718 7558 7912 6962 1336 7963 3999 7862 8323 818 634 3112 7090 6235 63
32 2758 7643 8424 9561 1285 4442 8699 3744 9540 6393 2039 9531 5293 4153 8665 4382 877 7973 9959 5804 112 8847 3261 3788 6923 7490 8672 5633 2904 3289 4881 9307
27 2864 928 7026 5610 541 4185 204 3398 2760 5791 5600 3568 2939 6323 5493 3378 7127 2871 7819 9086 7019 2360 9285 3796 1071 1211 5638
27 3123 1924 1554 5210 3644 3904 550 5420 8666 1968 1453 9214 4493 3371 3776 3549 3485 9137 329 9313 2160 4038 181 1464 2594 7655 5690
30 3448 5097 1437 9592 9899 7621 5637 9943 4589 4446 7024 4431 4689 1128 1621 9024 5971 6924 5001 6678 9516 4513 5172 963 9945 6541 3800 6303 6371 9700
28 3611 2554 817 9515 7176 5506 2680 8588 9760 4515 6882 2413 7809 318 2462 5331 923 9532 8030 5518 7440 5882 2616 368 6269 8715 7747 6207
30 4077 159 5324 5031 4227 2258 888 5434 2689 1256 6954 4892 5451 213 8095 8534 3884 6083 7479 2898 3969 4024 9680 2434 5996 251 1939 1385 8092 7215
34 5388 3856 6610 1746 9732 8613 5714 2298 5759 2489 1032 8511 3908 6531 1002 8967 9057 2877 777 4011 2683 6530 8702 4301 1722 9373 146 3154 2340 9065 2094 6972 3962 6135
31 5703 9538 2890 191 6407 979 4286 9494 36 4432 8889 5854 7509 8140 3941 8908 6106 2708 2740 1763 1950 8138 7646 2605 1318 8555 5261 7677 8011 3857 6121
28 6152 6214 5889 4607 2343 393 6389 3770 7727 8144 2092 3585 3889 5827 6078 6621 2026 4142 1534 4928 1586 6534 8736 3906 8024 1991 2879 4329
33 7833 3042 2772 3660 5160 5149 9286 3164 7603 9874 8532 9393 2207 1083 718 4344 7118 4862 9877 7888 7218 3276 6734 2773 1827 4319 1995 2269 3859 6013 4058 8932 2388
30 8440 49 7976 238 675 4394 1525 9059 5757 8700 2722 472 2948 1853 7184 5174 744 1720 6127 5469 7786 9859 2102 186 8058 6637 9774 6722 3080 6511
22 8983 2930 173 6872 2474 7068 5290 858 6253 7053 5539 7353 755 1850 7446 3221 298 880 6293 3607 6240 6804
29 175 8669 7115 8851 1278 2141 678 9537 1302 1609 9314 3340 1643 4720 907 1046 8279 6462 5394 5056 5986 5250 4270 4721 6339 4820 6442 7921 9255
30 688 6720 2785 6935 3659 3455 8798 9753 243 8274 1089 9976 3416 2121 1091 2903 5504 693 733 6521 5924 7591 7425 2449 4073 9649 3688 8782 5257 9204
32 1111 4141 1062 314 5475 9891 432 7865 2918 5639 9848 1603 2274 8284 9906 8814 7725 958 2292 1645 5186 9644 5929 7599 4463 1786 7746 9710 3345 9444 1946 2582
25 1408 8472 8481 9702 4104 1917 1735 1028 4544 2316 1056 1885 3662 4453 4842 4899 8473 6372 707 9879 312 3135 856 6271 7917
27 2378 3492 910 4896 6556 1787 9406 1149 9231 5384 4374 2878 6337 1530 4051 8425 1941 7582 6568 1381 372 6431 1287 5870 5471 3106 5644
28 3039 1141 5846 4318 3260 6275 1515 6766 7028 1420 2843 8944 1023 4985 9279 4855 6075 6877 6528 7685 3564 8069 9536 5359 1682 127 8771 8465
36 3160 6021 1060 7448 3099 8949 2145 3323 35 8463 5748 8783 3105 8369 1158 1168 5000 9618 3321 406 3786 6968 4240 2663 5060 8056 6788 6875 7945 2764 2545 5677 8247 9244 836 7908
31 3249 5336 6699 8937 0 5176 3037 5530 8815 1371 387 3390 6892 3028 5972 3920 2315 8960 5980 3566 4245 9486 8243 7977 8685 4061 9947 5667 5029 5007 4964
33 3452 4503 1499 3150 1448 4495 9133 1725 1219 4201 9908 3955 4930 5367 2165 2464 9430 6282 1567 4232 2568 5098 3089 6043 2831 4075 9335 857 197 9912 8501 6633 9941
25 3581 2442 9470 2323 8072 1689 3651 1871 8224 258 1405 259 3974 9595 9050 4740 759 776 2035 2575 7360 7164 2850 1001 6301
29 4433 8434 5153 3702 3009 1547 7880 7045 8309 5822 1166 6224 7377 4546 8883 1358 713 6350 4118 2592 7051 7497 2796 2885 1305 2088 8487 5953 3107
22 7566 563 6910 1293 7185 6859 4341 7032 2325 8558 7312 9729 649 6958 8869 1814 2377 4613 2422 2828 9109 819
25 8039 7581 9967 1095 107 974 6069 3407 116 1914 6100 6396 1224 7079 6087 5754 1945 1481 1181 2938 6028 7424 8265 7947 2107
37 9191 6424 8724 3772 9019 9129 1210 6322 745 6436 7755 4900 1218 3603 7958 3368 5664 3495 6768 5464 812 3822 875 829 890 2934 6281 1900 9022 2264 1509 4699 3381 946 1791 8194 5885
27 138 7205 9755 9754 5478 2337 1258 4938 2260 3982 9216 6780 6006 1636 1054 9409 7225 6346 6108 6254 1878 6136 3758 1522 9995 900 0
26 746 6347 3149 1597 1659 2295 4597 4231 6854 8441 9919 8691 2682 7238 8972 1195 6120 4595 9026 6116 752 9582 581 8228 3021 0
27 1942 8415 4535 2578 3847 5742 7927 4388 1683 6976 3879 4371 866 6220 388 52 3602 1366 6934 1162 1966 2778 2942 2807 4353 2994 0
24 2452 4773 7707 3680 1588 9825 8920 8840 9067 3453 4602 3271 5037 1702 5444 4491 1355 543 4733 5615 9765 9643 6216 0
31 3709 5955 476 5511 3582 5724 4076 3297 4017 4562 1370 4822 9812 4696 430 4723 8621 5982 8133 5357 2662 853 4920 3561 5575 9865 4532 5698 4965 3517 0
25 4757 1614 6973 2186 7519 6634 2161 9548 3228 5828 9796 2060 505 4868 9085 9237 6023 4816 1529 5624 9886 1881 4897 4678 0
30 4759 3503 1909 9052 9384 8701 971 8577 5177 1759 7812 7108 832 6388 2082 9122 5643 6009 8082 9432 28 8181 2619 149 6867 5586 4518 5481 9418 0
27 5241 4327 9385 6504 6551 9407 4089 8377 1980 9529 9677 3124 8686 5606 3470 830 8034 2974 4854 4173 2025 6490 5032 953 6974 8314 0
30 5679 9832 1030 2090 5794 9790 2221 8375 3669 2794 793 2132 7328 545 2606 5782 838 9707 3897 324 3248 3736 9682 9514 4620 50 2990 5002 9741 0
28 7759 4804 8835 8297 1100 7769 6016 5587 1081 5100 6795 5407 168 6310 568 9659 2087 4572 774 5283 3294 217 6631 20 1393 9188 7886 0
25 8598 8085 1196 1051 1178 1016 5144 6007 8541 3835 8294 6018 2428 4365 2888 4059 8396 46 2455 8010 2405 1800 5092 1397 0
34 9714 8364 3534 4951 9785 6113 3292 6868 7605 6395 7338 530 2917 2176 1861 8892 3635 8938 8925 2056 3211 9560 8921 9965 7293 6619 6086 7463 4291 3840 3872 1099 7796 0
23 9727 8017 906 9963 5670 4079 8878 4456 7346 5727 7075 815 8626 1201 7716 7113 349 2257 2478 3207 9573 3375 0
29 1359 3701 7014 961 397 5683 1770 9084 5510 8260 3686 6375 1488 9400 1383 6384 9776 7495 4879 6126 6455 4150 787 6052 9474 5178 8819 7652 0
30 2854 5831 4967 7609 1691 9632 5999 1521 9078 1602 5533 4290 5106 7589 337 8860 6977 8843 9920 19 4441 8021 4445 6771 4407 7214 7801 7153 5707 0
34 3210 4660 5545 5713 2710 1222 6205 8292 2983 8627 2595 7257 4223 5249 7877 3393 96 5567 9998 2333 3031 8825 9840 3023 5217 1500 6077 7289 9705 467 1678 3422 9154 0
28 6330 8177 8919 5181 7327 9533 3724 1692 2509 2030 2044 6829 32 245 1382 7898 354 1471 260 725 5649 5571 2491 262 3601 2670 5473 0
30 6687 6231 8277 6622 3486 6186 3865 3212 833 7614 3431 2116 8956 3730 2759 3400 9323 6758 1240 8291 8997 6468 1438 137 8836 1576 8416 2556 1773 0
28 7047 6461 3519 4050 4817 9565 1253 8593 4040 1589 5306 8135 5443 7307 6146 9551 2700 4686 7780 5321 3613 2336 8802 8195 1350 9607 9600 0
21 7382 1700 8526 3830 2542 4363 3280 8035 6757 8355 1613 3004 1213 8671 5494 3070 6011 5054 6680 3504 0
26 7639 4122 1816 9416 3122 6112 3654 8123 9270 9835 3553 600 5015 8560 7626 7314 7241 1157 7827 8344 5234 1237 574 3202 8636 0
32 8184 9826 7060 1053 8074 304 7637 5682 8831 4809 8728 2891 5550 9303 9010 6742 5485 2312 7438 9426 8496 1696 5788 284 8622 4783 1790 9991 9580 2668 8670 0
29 8220 9445 3051 6925 4476 7579 8108 6221 1414 1322 5401 3388 2068 4818 7949 3828 2015 8319 1806 9566 3342 5995 1086 7125 6377 5928 7533 2436 0
33 8849 2583 2469 9817 571 8966 2053 704 9183 8517 3678 4588 1118 7209 3174 9081 7681 5239 2133 326 9125 4528 8428 9063 1869 4008 2104 2866 2834 6161 4771 4539 0
30 9321 7901 7222 4099 3312 7232 6125 8201 6286 5278 9090 6585 412 914 8597 6079 6288 7975 1180 410 2476 5657 3510 1947 7968 6184 7852 7841 6202 0
30 9351 8246 6765 1809 5258 2429 2334 383 5502 2230 8769 403 7740 5450 4167 6930 4438 6649 8984 7255 7085 5932 5155 2751 7551 4412 7837 8180 531 0
26 9371 4447 5462 2769 6313 1042 4358 8687 5976 753 2255 5442 7596 2984 6426 4970 6938 6900 6067 6141 2627 9023 5317 1607 7996 0
28 9872 3991 9042 7986 5448 4694 964 1174 22 6989 4990 7873 1952 270 6226 3409 9419 4653 1394 1699 2443 5719 4437 3308 8514 3159 5065 0
29 957 6668 5941 7421 5377 6445 5051 489 8609 6277 4728 2539 5890 8886 2151 9668 7159 3820 3007 4606 1384 8411 808 2065 5805 2999 950 3876 0
26 1038 2649 6459 6444 5166 3541 8000 1477 1668 9187 2811 1439 7155 4305 7366 3017 6831 4651 5381 8811 9034 9894 7066 6537 3227 0
31 3256 854 4824 4186 1740 164 2313 4745 4799 1360 3055 1935 4603 7363 9673 4737 1346 6967 9693 6004 7137 9602 2109 3661 7807 7411 5787 9113 870 6843 0
27 5467 5886 1863 9907 7910 2774 6793 1749 1395 4379 1352 1963 7924 7795 9040 9596 8444 6608 6855 5180 948 9766 7711 1115 3074 6865 0
24 5552 1424 6992 5115 8766 7878 1797 5133 5350 3506 778 6670 1391 1632 4894 4972 6081 4505 4884 7119 5711 6542 3082 0
33 6669 9117 2205 1520 8745 4629 5167 2531 9240 9499 8025 3892 2050 7928 228 6484 4120 1736 5187 3327 9901 5602 160 1989 6911 9633 5459 2385 3522 5845 9296 4171 0
26 6796 4802 896 2051 9096 590 5315 3069 4241 1215 6814 7941 2342 7778 2653 2447 1190 9088 1334 7451 3257 8110 1227 6947 7756 0
26 7653 1734 69 5868 5525 8913 2687 1317 8859 5411 6665 639 2484 4261 2272 8705 8962 7595 3369 1543 9320 5372 2620 5227 7527 0
31 8299 3560 2430 7980 9184 2247 8812 1693 4262 7122 2019 7321 9299 5775 6841 6807 398 1623 7684 6863 9230 2816 3223 351 442 9353 439 5774 7854 9914 0
32 8366 6003 5082 5201 6686 6470 6037 4921 5770 4906 4919 6072 6119 9292 2727 5755 6417 9676 4781 3980 1687 8929 2694 2285 4531 6408 1943 8484 7729 4235 2791 0
29 352 9075 7384 7020 1677 4356 7931 5425 7671 3742 6773 3629 8578 4496 8414 7040 9028 6641 1859 695 3111 5196 7396 3717 3779 2789 8619 977 0
27 596 4507 1976 1250 7416 6681 7430 5435 150 6331 4163 5279 609 4669 5531 180 3433 944 6089 1311 2437 9112 5215 4619 4827 6055 0
25 654 548 5345 1422 1575 800 1532 4396 9420 9771 7906 4914 9490 8601 2714 4645 5385 5458 9639 3591 7967 1594 1601 2719 0
27 1143 6200 1152 8178 1009 9107 5878 9126 3791 7767 2148 6025 3807 7167 214 2200 2639 8212 9468 2503 1005 2812 8935 3583 5779 470 0
27 1187 1312 8027 1818 7982 5207 5945 2154 674 4758 9733 67 6701 512 4819 4812 3245 3365 1041 8556 8606 9253 2008 2809 8683 7641 0
32 1817 9591 7120 5942 3953 8884 9302 6710 6215 3018 4929 3925 4281 5124 3981 1892 3747 6362 3928 3046 3773 7095 1230 1514 9508 8520 7991 3092 2441 7806 3143 0
35 2223 8099 3240 4949 5209 7698 3462 8950 9590 1612 2608 4387 1767 925 9842 1630 6581 8148 8497 4310 6739 4475 4357 8703 401 4536 723 7452 1031 8648 2203 8987 5789 3570 0
30 2648 256 6032 6563 6922 8575 1760 6359 3465 111 8877 3262 5488 6187 7114 3401 5519 7206 1584 5733 7573 7971 7687 632 41 5849 4268 4767 7911 0
27 2805 3720 4068 6748 9719 7988 3156 4110 3166 7466 3817 7157 4986 1137 5758 6861 9624 3252 5641 6913 2074 9181 8682 7631 6279 9958 0
31 2921 5954 5588 671 4989 1014 6092 1241 5542 4472 6708 7071 741 5395 3121 133 1642 2006 7779 193 1906 1884 6662 9402 4036 9170 205 5960 1665 7260 0
33 4114 6257 4236 8841 5148 2024 899 93 3167 991 2610 4402 580 7265 8129 1047 2379 2684 2271 8692 154 458 1617 1506 6593 3848 9713 240 6311 4592 3580 6835 0
24 4473 5934 7638 4152 9229 4282 9172 6160 9482 1698 2869 6111 8480 9337 2688 6118 9539 8363 1119 3958 6842 9838 7722 0
23 4634 188 3259 8418 5053 6412 1493 2808 1102 2882 6321 6594 2910 8186 7041 3690 4731 6401 5184 3208 2716 8479 0
29 4801 6597 3119 7529 1197 3118 232 630 8793 4334 123 9411 844 5947 5695 4125 8217 5616 3789 1569 3725 1297 3995 6907 9642 9723 7934 8753 0
29 5233 551 5908 5171 8693 215 3733 6500 4524 4880 1310 4204 1329 8931 603 7233 1713 2432 8758 507 9611 2827 9715 1841 1428 2371 6133 3399 0
31 5455 3590 7132 2874 7331 5855 7742 1267 3623 3757 2301 311 4521 9056 822 1319 3584 861 9421 8295 8029 5989 1084 3658 1362 3447 6499 882 7654 7688 0
30 5777 6819 9816 3731 2762 6738 5887 2892 5592 3563 2720 510 5720 5026 6905 5252 2690 7506 1475 9379 7818 8160 44 6660 2572 1801 3826 8268 7492 0
33 6056 586 9157 9417 40 7699 9139 8368 9395 7405 4064 644 7785 6178 7588 2970 4148 6166 6565 7622 8757 3728 9316 8704 242 7562 3823 9124 3041 4552 7315 2518 0
28 6781 1191 9460 1148 1737 208 6522 2158 619 3863 8755 3834 1544 1873 9355 2245 3885 1563 165 867 423 4234 8853 5560 3196 1540 2659 0
26 6808 7030 8778 7798 2752 3411 8834 4673 4734 2601 7135 8861 7290 6048 1225 4704 2362 4508 136 8202 6289 3219 2505 2814 75 0
28 7186 8903 6363 2212 167 3537 7869 5603 1622 2643 5847 3065 5132 9570 6963 8113 9239 6937 2210 9205 5019 1470 2709 8750 3030 1916 8096 0
35 8019 1574 4760 3179 7648 5310 5940 1639 7110 8649 7317 4577 6015 5601 1292 3136 6291 6406 9902 3477 2220 3418 2227 8156 8107 4987 8340 8101 4342 9813 6797 717 321 5240 0
32 8551 3832 523 9441 3385 2048 7870 2331 1895 4158 2867 9332 3454 4092 3003 5265 8362 335 2420 5920 5979 9574 6243 4744 5728 516 9476 3328 9645 4526 7577 0
32 8858 4830 5673 3258 336 3694 3306 9268 7436 941 3556 9495 1012 720 4272 6856 9780 2589 5299 9119 803 478 5636 9946 7454 4336 5408 730 47 7470 7774 0
28 9960 9038 1040 8797 8327 5005 2912 3443 6643 2450 4630 2001 5175 4266 9833 2730 3692 1828 1450 5676 346 2655 1633 7074 3938 8640 5320 0
23 27 598 2860 3716 8257 8646 3341 2832 1301 1852 1460 2408 1406 3684 5479 2043 9597 2733 5449 4105 8941 6405 0
27 94 7031 8872 7607 4487 9457 6300 400 5904 2647 6719 3723 982 86 1654 9709 3140 8275 9950 6478 1957 4702 103 1136 6390 7456 0
32 1466 7015 4917 6123 3242 6295 3934 943 8486 4124 4844 5694 4667 3771 9008 2671 7126 379 6326 9156 9875 8 7269 8531 5629 4196 24 9866 2829 4635 4300 0
32 1595 1067 4803 4966 3707 4005 289 4722 6057 7240 9986 1064 2928 2818 4098 7586 6545 6403 4103 3432 1565 6199 9519 5141 6661 5009 4228 9687 9971 2565 6091 0
31 2600 5645 3076 5632 1462 7896 9338 3565 8917 4665 76 3127 2076 567 4601 5379 9931 938 1611 2246 9429 4537 9061 8576 8747 2731 7810 6157 7555 7887 0
37 3190 5049 5213 5113 3932 2358 3049 5126 7087 6105 6419 87 7291 868 54 1919 9158 7612 8109 2300 4839 6607 4033 4010 9162 1510 8091 9843 7198 9318 7498 6325 2706 9438 824 7364 0
27 3233 6982 7439 6864 2305 6000 6280 7538 3299 2457 84 5869 1142 3674 3047 6760 5773 1844 4968 7204 3498 1930 5391 427 9697 4901 0
32 3363 9696 457 747 5553 3845 171 1276 1093 5351 8285 2021 9044 4533 1320 331 5093 5577 1221 6334 4609 2460 3792 8287 9450 5294 1316 2345 6189 1503 6413 0
30 3516 9635 8118 4910 2166 5580 739 6584 8153 4988 3356 2859 125 8550 7018 8667 9487 4763 7283 2490 7170 2486 139 1232 6909 5599 4381 8784 8629 0
28 4469 5195 653 2167 1804 9362 431 8602 8505 8145 2235 4414 381 5463 6789 9005 3964 3032 8359 7389 8084 4959 638 2059 7174 1212 5255 0
29 4852 6557 2954 2614 8933 1440 5163 987 7243 9703 1695 5691 6208 7013 5573 8563 8800 657 3935 5004 8635 614 4741 5812 7281 6203 5621 8898 0
32 4935 9589 2803 417 874 2736 5797 1344 1167 9554 1248 21 6574 3392 2900 2944 7919 5268 3574 4706 3880 6140 4208 1077 3538 9101 79 796 5717 447 7326 0
29 6543 4994 2012 7744 931 4933 4221 5784 8458 3229 3194 5480 8801 5108 6908 7130 8780 611 2660 5572 4333 2987 3706 652 7107 9916 1345 2497 0
28 7245 4581 2813 659 3898 408 6128 2797 135 4504 8821 805 8871 369 2224 414 248 4853 2787 4220 5656 6694 9620 4877 6012 6142 2254 0
31 7251 2472 60 421 4567 8564 9437 8641 3813 3546 3721 1870 2615 6398 2741 3641 9103 4085 5841 7447 3638 4225 5961 29 9789 9523 8994 3760 1550 3436 0
30 7576 281 5997 7969 1862 779 6481 8320 6538 4889 1519 5119 1754 225 6749 2032 1456 1673 5272 1733 5684 8075 2529 3374 5795 5549 9422 3829 9478 0
26 7794 8492 9966 9484 2992 1243 7675 1120 9274 2629 1548 9372 8185 6228 8599 8155 5123 6775 8467 821 4608 5344 9463 3868 6246 0
33 7822 4392 8850 9352 6382 7723 4530 3335 9725 1810 7097 2243 620 2522 2178 5661 9365 2817 7656 2527 4955 1502 1901 7301 5120 8985 1815 3014 4682 5507 8167 1637 0
30 7995 8927 7351 5829 385 380 9178 7942 3402 9247 5811 8826 3180 8498 9587 9401 7571 6642 1658 6702 4320 1266 4580 3816 5859 6332 5470 6656 722 0
33 8026 9219 1325 9980 8681 5522 6437 420 261 2590 5137 3011 1929 4813 8475 5409 7673 5816 9929 8495 5047 6529 8071 9605 3627 1454 6159 9080 1891 6776 362 6576 0
33 8057 3756 3665 130 5102 4627 3033 5296 6562 5074 8617 9664 3147 6612 7712 2893 5767 3888 9810 5487 1156 1058 6469 5620 5452 7972 4020 3355 8548 5204 4257 2678 0
27 8372 4060 4808 3126 3405 7086 2838 841 8122 2513 1960 8038 9256 9616 756 4439 5164 5267 1284 5145 4265 8818 2211 8060 3970 8631 0
28 9213 1842 1926 9462 5912 5170 194 893 5856 2897 1262 7620 6176 6716 1171 3458 650 1578 6527 3732 6070 8789 2991 1981 7166 3769 6172 0
34 9284 4246 4751 9459 4926 873 6520 4948 8093 926 6084 332 5064 5998 8734 9389 4128 6743 4676 2341 5628 3337 6987 959 6805 3165 9657 4362 9025 3354 4461 6038 6148 0
28 9360 1956 2836 6516 5052 3802 3989 7473 292 55 9844 8915 539 66 514 5741 8643 591 3597 9374 5589 6569 6324 3457 6883 2386 419 0
33 9738 602 3860 6897 8049 8500 901 4190 6572 7664 1082 8131 1908 8509 5962 2845 5373 5688 6045 9726 6839 4846 6896 8405 9610 4209 8706 6317 8533 2567 9650 5517 0
28 405 2152 1751 5116 2253 9165 8958 3528 2238 8389 3313 1402 2004 1847 1719 6539 904 3754 9911 129 4449 3438 8527 1705 9786 4707 6088 0
28 862 4170 6959 8875 291 6876 8006 7296 9798 5429 3670 3434 9311 305 6432 3552 9345 8303 8312 4242 3910 6201 9064 120 8768 1315 582 0
26 1387 5528 4458 5109 4391 91 1932 252 4958 6552 1661 7035 9098 3740 1640 1684 2222 3689 6858 814 5985 3057 4940 518 3071 0
28 2765 7191 294 343 8828 3912 2802 9029 4212 3382 4157 7102 95 4492 461 9405 2128 5498 9512 1775 1072 3133 876 113 6169 6435 537 0
24 2823 4944 6970 7985 4009 9745 3320 4782 7645 9278 989 8490 7763 7248 7023 7093 2458 770 6917 8770 2498 9505 3188 0
30 3628 5077 2512 3735 1758 6304 6244 9619 5843 1647 2913 3926 2739 3102 8200 3960 7292 7732 9511 179 4778 797 3864 942 3081 2214 5231 2099 6065 0
31 3968 7183 9454 5224 4137 9439 8911 2574 5760 2989 2100 5830 6945 5994 7431 4146 4555 5884 9922 279 2861 3093 6259 1129 692 1765 4384 3226 2213 1864 0
30 4107 9037 9361 3264 9263 8439 4030 6750 230 6329 2028 8862 7706 5699 5905 9160 2549 3535 7879 7826 6870 5094 3966 9193 1583 6356 940 3279 8395 0
28 4115 3765 6234 404 1055 1342 9380 9491 5935 1207 8147 6145 7701 5330 5581 7199 6453 1876 8226 5131 5923 155 1877 616 8317 3334 1921 0
27 4166 2599 5387 7528 1198 9571 250 3500 7330 7743 9500 4547 3317 210 3231 4372 672 9271 3750 7055 5981 4297 8981 5609 8151 5392 0
22 4259 1822 4181 5125 2470 7462 4383 9218 9792 157 8630 5505 4534 2515 4041 5663 2089 88 2862 8305 8887 0
32 4338 9039 3671 4165 1913 4887 5675 9121 3040 9324 2286 1899 2943 384 8604 394 58 7692 1667 254 1351 7578 6555 765 9496 5873 7332 6988 2349 1954 3116 0
29 4349 4797 8134 6093 4870 8765 6519 8251 5879 5035 2412 8435 7792 7012 8529 583 8300 8397 6514 8014 4296 4790 2926 2559 6704 4224 6094 7368 0
24 4701 2169 4716 6167 4953 8316 8013 9970 4882 7990 8007 6873 1977 7813 992 8664 5710 8104 5521 5936 166 4866 6906 0
28 5057 8545 612 5756 5881 6620 2101 7526 3170 2846 648 5701 933 2017 7025 998 3616 2364 5003 2344 9000 8738 5140 7647 2737 7123 4821 0
27 5260 9340 9791 9506 422 3267 4454 1020 8189 3798 5346 6439 6448 3576 8158 9867 8525 364 7567 25 455 7542 806 396 7997 6732 0
28 5557 5472 3050 7952 6427 437 2552 1228 8507 8337 7846 9501 1461 4112 2206 3594 5977 2696 3052 1008 5544 5085 4510 2054 4380 5050 694 0
32 6001 6623 8438 2640 3380 9027 2359 80 6312 8477 7950 38 9089 5018 9455 8422 9630 4244 5389 7510 1992 3874 8521 4485 9198 8088 2533 2749 1615 2781 849 0
32 6488 3575 8003 3172 9033 9489 8454 2674 1326 2788 2919 1747 6471 7702 6156 1819 2972 2070 9528 9701 6333 1343 728 7169 9903 2063 749 2544 9731 9860 8618 0
27 6770 9202 8503 5151 443 4082 8569 5303 4452 8914 7131 2184 5198 2666 4373 1376 536 1291 3097 269 7224 1443 2964 7413 5418 2451 0
25 8339 9568 3201 3 9329 9892 3777 2318 51 9720 9871 1176 3944 4213 9483 7570 7632 7940 8102 2905 4907 9208 6564 1445 0
26 8565 2384 9772 1260 2439 7393 3544 5012 5036 9051 7682 5220 8139 8900 8380 9225 5300 9201 9953 4459 9863 6266 9100 4111 960 0
26 8653 6664 462 9147 402 7592 7993 9203 3364 7811 5874 5072 7081 6050 8171 5927 6193 6381 6107 8923 3066 7192 1015 1851 7134 0
29 8657 3630 2971 1398 1025 473 7840 9149 6515 1419 3146 1880 7459 7043 7844 6953 6124 5246 7550 4876 8570 7391 7512 4664 5569 453 5042 7234 0
